0
0
0
0
0
0
0
179
179
0
0
0
0
0
0
0
1
1
1
1
1
2
2
2
2
3
2
2
2
2
1
2
1
1
1
1
0
0
1
1
1
1
1
1
1
1
0
0
0
0
179
179
179
179
179
179
179
179
179
179
0
0
0
0
1
0
0
0
0
0
179
179
0
0
0
1
0
0
0
1
1
2
2
3
3
3
3
4
4
5
4
4
4
4
3
3
3
3
3
3
3
3
4
4
4
4
4
3
3
3
2
1
0
0
0
0
0
0
0
0
0
0
0
0
0
0
0
1
1
0
1
1
1
0
0
0
0
1
2
3
3
3
3
3
11
9
9
10
12
11
11
11
13
18
17
13
17
15
14
15
9
6
14
15
15
15
17
18
19
20
11
10
9
3
1
2
1
0
0
0
0
0
0
0
0
0
0
0
0
0
0
1
1
0
1
2
3
1
0
0
1
2
5
4
3
3
2
9
7
9
9
10
12
12
13
15
18
24
25
25
23
21
22
21
22
20
19
20
20
21
24
28
29
30
29
28
28
20
0
1
1
0
0
0
0
0
0
0
0
0
0
0
0
0
0
1
1
1
0
3
3
1
1
0
0
1
6
5
7
4
4
3
5
7
8
10
11
11
13
17
21
26
27
25
24
21
22
23
24
24
23
24
25
26
30
33
34
35
35
36
37
38
19
179
1
0
0
0
0
0
0
0
0
0
0
0
0
0
0
1
1
0
0
2
1
0
0
0
0
1
6
9
5
5
5
5
5
7
8
9
10
12
15
19
22
26
27
26
24
23
23
24
24
24
23
24
27
30
35
38
38
38
38
38
38
36
34
0
0
1
0
0
0
0
0
0
0
0
0
0
0
0
0
1
1
0
0
1
1
0
1
0
0
1
5
6
4
7
7
5
7
7
8
9
11
13
16
19
23
25
25
23
24
23
23
25
24
24
25
26
31
36
39
42
41
41
41
41
40
38
37
28
179
1
0
0
0
0
0
0
0
0
0
0
0
0
0
1
1
0
0
1
0
0
0
0
0
1
3
4
0
2
2
6
6
6
7
8
10
12
15
18
19
20
20
19
21
22
23
23
23
23
23
25
30
35
38
40
40
40
41
42
41
40
40
37
1
1
1
0
0
0
0
0
0
0
0
0
0
0
0
1
1
0
0
0
0
0
0
0
0
0
2
179
175
175
175
0
8
7
6
7
7
9
12
14
15
16
16
17
19
20
21
21
20
21
21
24
29
35
39
42
42
42
43
44
43
43
42
40
17
0
1
0
0
0
0
0
0
0
0
0
0
0
0
1
1
0
0
0
0
0
0
0
0
0
177
170
168
171
165
174
177
1
3
4
9
9
9
10
10
11
13
16
16
18
20
22
21
22
23
26
31
37
42
46
45
45
46
46
45
45
44
41
37
0
1
0
0
0
0
0
0
0
0
0
0
0
0
1
1
0
0
0
0
0
0
0
0
0
169
161
160
159
162
161
171
173
176
178
2
11
5
7
7
8
10
13
15
16
19
21
23
24
27
30
35
39
43
45
46
46
49
49
49
48
45
43
40
0
0
0
0
0
0
0
0
0
0
0
0
0
0
1
1
0
0
0
0
0
0
0
179
1
156
161
158
158
159
160
164
163
171
172
175
177
5
4
5
8
11
12
14
15
19
22
24
26
30
34
37
39
44
47
48
48
49
50
50
49
46
45
43
7
0
0
0
0
0
0
0
0
0
0
0
0
0
1
1
0
0
0
0
0
0
0
179
1
154
159
154
155
156
158
160
163
166
168
167
174
1
4
6
8
10
12
13
15
19
22
25
29
32
34
37
41
43
45
48
48
49
50
50
49
47
46
46
39
1
0
0
0
0
0
0
0
0
0
0
0
0
1
1
0
0
0
0
0
0
0
179
1
150
155
151
152
154
155
158
160
162
165
169
170
178
5
5
7
9
11
13
16
19
23
26
30
33
36
38
41
42
44
45
46
49
49
50
49
47
47
44
48
1
0
0
0
0
0
0
0
0
0
0
0
0
1
1
0
0
0
0
0
0
0
179
1
148
154
150
151
153
154
155
157
160
163
167
169
177
7
5
7
9
12
14
16
19
22
27
30
33
36
38
41
43
44
45
46
47
47
48
49
48
46
41
47
2
179
0
0
0
0
0
0
0
0
0
0
0
1
1
0
0
0
0
0
0
0
179
1
144
151
149
150
152
154
155
157
159
162
165
168
172
1
5
8
11
14
16
18
20
22
26
29
33
36
39
42
43
44
45
46
47
47
48
49
48
45
40
45
2
0
0
0
0
0
0
0
0
0
0
0
0
1
1
0
0
0
0
0
0
0
179
1
144
149
149
150
152
154
155
156
158
161
164
168
173
177
5
7
11
15
17
19
20
23
26
29
33
37
41
43
44
46
46
46
47
49
48
49
48
45
40
27
0
0
0
0
0
0
0
0
0
0
0
0
0
1
1
0
0
0
0
0
0
0
179
1
143
148
147
149
153
154
155
156
158
160
163
167
170
176
7
6
11
15
18
20
22
24
27
31
35
38
42
45
48
49
47
47
47
51
48
50
51
45
40
0
1
1
0
0
0
0
0
0
0
0
0
0
0
1
1
0
0
0
0
0
0
0
179
1
141
145
146
148
152
154
155
156
158
160
161
166
168
176
2
7
12
16
19
22
24
26
29
33
36
39
43
46
50
50
48
49
50
51
50
50
48
45
40
2
1
1
0
0
0
0
0
0
0
0
0
0
0
1
1
0
0
0
0
0
0
0
179
0
137
143
143
147
152
155
157
157
158
160
162
167
172
175
0
7
12
17
21
23
27
29
32
35
37
40
43
47
49
50
48
48
57
57
57
47
49
51
1
1
1
0
0
0
0
0
0
0
0
0
0
0
0
1
1
0
0
0
0
0
0
179
0
178
134
139
140
145
151
153
156
157
158
160
162
168
172
176
1
8
12
17
21
25
28
31
34
36
38
42
45
48
50
51
50
48
58
58
57
48
52
52
0
2
0
0
0
0
0
0
0
0
0
0
0
0
0
1
1
0
0
0
0
0
0
179
0
178
130
136
138
143
148
151
154
155
158
159
162
168
171
177
2
8
13
17
22
27
30
33
35
37
39
42
46
49
49
50
47
57
58
59
58
58
55
59
179
1
0
0
0
0
0
0
0
0
0
0
0
0
0
1
1
0
0
0
0
0
0
179
179
0
128
132
134
139
144
148
151
153
157
159
162
166
173
178
9
8
13
19
24
29
33
36
37
40
41
43
46
48
49
52
53
57
60
60
60
58
56
56
0
1
0
0
0
0
0
0
0
0
0
0
0
0
0
1
1
0
0
0
0
0
0
179
179
1
125
129
130
135
140
143
147
149
154
156
161
164
165
178
9
10
16
22
28
33
36
39
41
43
45
46
48
50
51
54
54
58
60
61
61
60
58
57
5
1
0
0
0
0
0
0
0
0
0
0
0
0
0
1
1
0
0
0
0
0
0
179
1
4
121
125
126
129
132
135
138
142
147
152
158
162
164
178
8
12
20
27
33
37
41
43
45
46
48
50
50
52
53
52
56
59
60
62
62
60
60
57
35
2
0
0
0
0
0
0
0
0
0
0
0
0
0
1
1
0
0
0
0
0
0
0
0
119
117
121
122
124
126
128
132
135
143
148
155
160
163
176
10
17
24
32
38
42
46
50
50
50
51
52
54
54
49
57
58
61
62
62
62
60
60
57
52
2
0
0
0
0
0
0
0
0
0
0
0
0
0
1
1
0
0
0
0
0
0
0
0
116
115
116
117
118
120
121
125
128
137
143
150
155
160
176
12
19
28
37
46
49
54
54
53
52
52
53
58
59
60
60
61
62
62
65
61
61
59
56
53
2
0
0
0
0
0
0
0
0
0
0
0
0
0
1
1
0
0
0
0
0
0
0
0
3
109
112
111
112
113
114
117
120
128
134
141
150
158
168
15
24
34
46
51
56
52
50
50
51
53
57
60
61
62
62
67
64
62
63
63
62
60
56
57
2
0
0
0
0
0
0
0
0
0
0
0
0
0
1
1
0
0
0
0
0
0
179
178
179
109
106
107
108
108
108
111
112
120
126
131
138
149
167
21
31
45
51
55
59
61
61
59
58
58
60
62
63
69
65
64
63
63
64
66
62
58
56
56
2
0
0
0
0
0
0
0
0
0
0
0
0
0
1
1
0
0
0
0
0
0
0
179
178
177
52
104
105
106
105
107
108
113
116
121
126
131
137
38
39
51
49
60
63
64
64
66
69
63
63
64
69
63
65
66
66
65
65
62
62
60
57
57
2
0
0
0
0
0
0
0
0
0
0
0
0
0
1
1
0
0
0
0
0
0
0
179
179
179
177
105
103
103
102
104
103
107
109
111
113
113
104
68
63
60
62
66
67
67
67
66
65
64
63
63
62
63
67
67
67
67
66
64
68
61
59
59
2
0
0
0
0
0
0
0
0
0
0
0
0
0
1
1
0
0
0
0
0
0
0
0
0
0
1
0
103
101
100
100
101
102
102
103
104
101
93
83
78
70
67
68
70
71
72
71
69
66
64
64
63
64
68
69
69
68
68
66
68
64
62
61
2
2
0
0
0
0
0
0
0
0
0
0
0
0
1
1
0
0
0
0
0
0
0
0
0
0
2
4
102
98
96
96
96
96
95
95
95
93
87
81
77
74
73
74
75
75
74
73
72
70
67
67
67
68
71
72
72
71
70
69
69
71
67
66
1
1
2
0
0
0
0
0
0
0
0
0
0
0
1
1
0
0
0
0
0
0
0
0
0
1
2
44
99
97
93
92
91
91
90
89
87
85
81
78
77
77
78
79
79
78
76
75
74
73
72
71
70
72
72
73
73
73
72
71
70
71
74
79
19
179
1
3
2
0
0
0
0
0
0
0
0
0
1
1
0
0
0
0
1
1
1
1
1
1
2
69
97
93
90
88
87
86
85
82
80
78
75
75
76
81
85
86
84
82
80
77
76
75
74
73
74
73
74
73
74
73
73
72
71
74
75
80
87
22
178
3
3
0
0
0
0
0
0
0
0
0
1
1
0
0
0
1
1
1
1
2
2
0
59
92
90
88
87
85
84
83
81
78
75
72
68
71
80
85
93
93
91
87
83
79
77
77
76
76
76
75
75
74
74
73
73
71
70
73
77
81
85
94
51
178
0
0
0
0
0
0
0
0
0
0
1
1
0
0
1
0
1
7
4
6
5
33
90
88
86
86
84
83
83
81
79
75
71
65
64
61
70
76
104
103
98
92
87
82
80
79
79
78
78
78
77
76
75
74
72
71
71
72
77
80
85
93
73
0
1
0
0
0
0
0
0
0
0
0
1
1
0
0
0
0
2
3
22
41
55
89
85
85
84
85
83
81
81
79
77
73
67
63
57
54
54
41
119
114
106
100
94
89
85
83
82
81
81
79
78
77
77
75
73
71
72
73
77
80
84
91
96
0
1
0
0
0
0
0
0
0
0
0
1
1
0
0
179
179
179
13
20
40
52
89
83
83
83
83
81
79
78
76
74
69
68
58
50
40
35
7
136
123
113
106
101
96
92
88
86
84
82
80
79
78
77
76
75
73
74
75
79
82
88
78
0
0
1
0
0
0
0
0
0
0
0
0
1
1
1
0
1
178
0
14
27
44
61
90
84
84
83
82
80
78
76
74
70
65
64
55
45
33
17
170
148
130
120
112
108
104
100
93
88
85
83
80
79
79
78
76
76
75
75
76
79
78
80
3
2
1
1
0
0
0
0
0
0
0
0
0
1
1
1
0
1
175
176
11
19
30
53
75
87
85
84
81
79
76
74
71
66
67
60
48
39
25
12
172
155
137
125
118
112
109
104
97
91
87
84
81
80
79
78
76
76
75
76
77
80
75
38
1
1
0
0
0
0
0
0
0
0
0
0
0
1
1
0
0
0
1
174
1
3
9
44
73
88
85
83
80
78
74
72
68
64
62
56
45
37
25
11
163
159
141
128
121
115
111
106
100
94
89
84
82
80
79
78
76
75
76
76
78
80
77
1
1
1
0
0
0
0
0
0
0
0
0
0
0
1
1
0
0
0
0
2
177
175
4
40
93
87
84
80
78
75
73
70
64
63
57
48
46
38
27
11
163
158
144
131
124
118
113
108
102
95
90
86
83
81
79
78
75
75
76
76
77
82
14
1
1
0
0
0
0
0
0
0
0
0
0
0
0
1
1
0
0
0
0
0
0
1
179
2
92
81
79
77
75
73
70
65
64
59
49
48
45
37
27
11
176
164
145
135
127
121
115
110
104
97
92
88
84
81
78
77
76
75
75
76
78
82
2
2
1
0
0
0
0
0
0
0
0
0
0
0
0
1
1
0
0
0
0
0
0
0
0
0
1
74
76
75
73
70
66
62
62
48
47
47
44
37
27
10
174
161
148
138
131
124
118
112
106
99
94
90
84
81
79
77
75
74
75
77
79
76
2
1
0
0
0
0
0
0
0
0
0
0
0
0
0
1
1
0
0
0
0
0
0
0
179
179
1
3
75
71
68
66
64
63
57
51
48
45
42
35
27
15
177
164
151
141
134
128
122
116
109
102
95
90
85
80
77
76
74
74
75
80
84
45
1
1
0
0
0
0
0
0
0
0
0
0
0
0
0
1
1
0
0
0
0
0
0
0
0
0
1
2
66
69
66
67
61
57
53
50
47
43
40
33
25
15
0
162
154
145
139
133
127
121
113
104
97
90
84
78
75
74
74
74
77
82
86
1
0
0
0
0
0
0
0
0
0
0
0
0
0
0
0
1
1
0
0
0
0
0
0
0
0
179
1
3
54
60
57
56
50
55
51
47
44
40
37
30
24
14
2
164
158
151
144
139
133
129
122
110
100
91
82
76
74
72
73
74
78
83
89
178
0
1
0
0
0
0
0
0
0
0
0
0
0
0
0
1
1
0
0
0
0
0
0
0
0
0
0
2
19
50
51
49
49
48
45
43
40
37
33
29
23
16
3
175
160
156
151
146
140
136
130
119
106
89
81
76
71
70
71
73
78
83
93
0
2
0
0
0
0
0
0
0
0
0
0
0
0
0
0
1
1
0
0
0
0
0
0
0
0
0
0
1
3
49
42
46
44
41
39
38
35
33
30
26
21
16
4
178
167
160
157
154
149
145
142
133
117
68
70
69
66
71
69
71
75
81
17
1
0
0
0
0
0
0
0
0
0
0
0
0
0
0
0
1
1
0
0
0
0
0
0
0
0
0
0
1
1
29
34
38
38
35
34
32
31
30
28
24
19
14
11
1
167
164
162
160
158
156
154
151
3
38
50
57
58
60
63
65
67
65
0
1
0
0
0
0
0
0
0
0
0
0
0
0
0
0
0
1
1
0
0
0
0
0
0
0
0
0
0
1
1
1
28
30
31
30
28
28
27
27
25
21
15
11
9
2
178
167
167
166
167
166
167
166
177
9
26
37
41
51
52
56
61
1
1
1
0
0
0
0
0
0
0
0
0
0
0
0
0
0
0
1
1
0
0
0
0
0
0
0
0
0
0
0
0
0
2
10
24
24
24
25
23
23
20
16
11
8
7
4
0
174
168
171
171
172
175
170
179
16
19
28
34
37
39
47
34
2
2
0
1
1
1
1
0
0
0
0
0
0
0
0
0
0
0
1
1
0
0
0
0
0
0
0
0
0
0
0
0
0
1
2
7
17
20
21
20
18
15
12
8
6
5
4
1
178
178
176
176
177
178
1
10
10
14
19
25
31
33
39
3
2
1
1
1
2
1
1
0
0
0
0
0
0
0
0
0
0
0
1
1
0
0
0
0
0
0
0
0
0
0
0
0
0
1
1
2
3
4
8
15
15
11
10
6
5
5
4
2
0
179
178
178
178
179
9
6
10
13
16
19
24
24
28
0
1
1
1
4
2
1
1
1
1
0
0
0
0
0
0
0
0
0
1
1
0
0
0
0
0
0
0
0
0
0
0
0
0
0
1
1
2
2
2
2
2
3
3
8
6
5
5
1
179
179
178
178
179
2
4
6
9
11
13
17
19
19
25
0
0
2
2
12
7
5
1
0
1
0
0
0
0
0
0
0
0
0
1
1
0
0
0
0
0
0
0
0
0
0
0
0
0
0
0
0
0
0
1
1
1
1
1
2
11
4
3
179
176
176
176
176
178
2
3
6
7
10
13
15
16
18
20
18
0
9
11
16
15
15
18
2
1
0
0
0
0
0
0
0
0
0
1
1
0
0
0
0
0
0
0
0
0
0
0
0
0
0
0
0
0
0
0
0
0
0
1
1
2
3
0
176
173
170
169
175
179
2
3
6
7
9
12
14
15
16
17
16
13
10
11
14
12
13
17
12
1
0
0
0
0
0
0
0
0
0
1
1
0
0
0
0
0
0
0
0
0
0
0
0
0
0
0
0
0
0
0
0
0
0
0
0
1
1
178
174
167
168
166
175
0
3
4
5
5
7
10
11
13
13
13
13
12
12
10
12
11
13
21
24
1
0
0
0
0
0
0
0
0
0
1
1
0
0
0
0
0
0
0
0
0
0
0
0
0
0
0
0
0
0
0
0
0
0
0
0
0
0
176
165
166
167
166
167
176
1
5
6
4
6
8
10
12
13
13
14
12
12
10
11
12
14
22
24
1
0
0
0
0
0
0
0
0
0
1
1
0
0
0
0
0
0
0
0
0
0
0
0
0
0
0
0
0
0
0
0
0
0
0
0
179
0
0
166
167
167
178
2
3
4
3
4
7
7
7
10
11
9
10
5
9
10
11
0
1
4
2
3
1
1
0
0
0
0
0
0
0
0
1
1
0
0
0
0
0
0
0
0
0
0
0
0
0
0
0
0
0
0
0
0
0
0
0
0
0
0
179
179
179
0
0
0
0
0
1
1
1
1
1
1
1
1
1
1
1
1
0
1
1
0
1
1
1
1
0
0
0
0
0
0
0
0
1
1
0
0
0
0
0
0
0
0
0
0
0
0
0
0
0
0
0
0
0
0
0
0
0
0
0
0
0
0
0
0
0
0
0
0
0
0
0
0
0
0
0
0
1
1
1
0
1
0
0
1
1
1
0
0
0
0
0
0
0
0
1
1
1
1
0
0
0
0
0
0
0
0
0
0
0
0
0
0
0
0
0
0
0
0
0
0
0
0
0
0
0
0
0
0
0
0
0
0
0
0
0
0
0
0
0
0
0
0
0
0
0
0
0
0
0
0
0
0
0
0
0
0
0
0
0
0
1
