1
0
179
0
0
0
0
0
0
0
0
0
0
0
0
0
0
0
0
0
0
0
0
0
0
0
0
0
0
0
0
0
0
0
0
0
0
0
0
0
0
0
0
0
0
0
0
0
0
0
0
0
0
0
0
0
0
0
0
0
0
0
0
1
1
0
179
179
179
179
179
179
179
179
179
179
179
179
179
179
179
179
179
179
179
179
179
179
179
179
179
179
179
179
179
179
179
179
179
179
179
179
179
179
179
179
179
179
179
179
179
179
179
179
179
179
179
179
179
179
179
179
179
179
179
0
0
2
2
0
0
0
0
0
0
0
0
0
0
0
0
0
0
0
0
0
0
0
0
0
0
0
0
0
0
0
0
0
0
0
0
0
0
0
0
0
0
0
0
0
0
0
0
0
0
0
0
0
0
0
0
0
0
0
0
0
0
0
0
0
0
2
2
0
0
0
0
0
0
0
0
0
0
0
0
0
0
0
0
0
0
0
0
0
0
0
0
0
0
0
0
0
0
0
0
0
0
0
0
0
0
0
0
0
0
0
0
0
0
0
0
0
0
0
0
0
0
0
0
0
0
0
0
0
0
2
2
0
0
0
0
0
0
0
0
0
0
0
0
0
0
0
0
0
0
0
0
0
0
0
179
179
179
179
179
179
179
0
0
0
0
0
0
0
0
0
0
0
0
0
0
0
0
0
0
0
0
0
0
0
0
0
0
0
0
0
0
0
0
2
2
0
0
0
0
0
0
0
0
0
0
0
0
0
0
0
0
0
0
0
0
0
0
0
179
179
179
179
179
0
0
0
0
0
0
0
0
0
0
0
0
0
0
0
0
0
0
0
0
0
0
0
0
0
0
0
0
0
0
0
0
0
0
2
2
0
0
0
0
0
0
0
0
0
0
0
0
0
0
0
0
0
0
0
0
0
0
179
179
179
179
179
0
0
1
1
1
1
1
0
0
0
0
0
0
0
0
0
0
0
0
0
0
0
0
0
0
0
0
0
0
0
0
0
0
0
0
2
2
0
0
0
0
0
0
0
0
0
0
0
0
0
0
0
0
0
0
0
0
0
179
179
179
179
179
0
0
1
2
3
3
3
3
2
1
0
0
0
0
0
0
0
0
0
0
0
0
0
0
0
0
0
0
0
0
0
0
0
0
0
0
2
2
0
0
0
0
0
0
0
0
0
0
0
0
0
0
0
0
0
0
0
179
179
179
179
179
179
179
0
179
177
1
10
11
7
5
2
2
1
0
0
0
0
0
0
0
0
0
0
0
0
0
0
0
0
0
0
0
0
0
0
0
0
0
2
2
0
0
0
0
0
0
0
0
0
0
0
0
0
0
0
0
0
0
0
0
179
179
179
179
173
174
171
170
173
0
13
18
20
18
6
2
2
2
1
0
0
0
0
0
0
0
0
0
0
0
0
0
0
0
0
0
0
0
0
0
0
0
2
2
0
0
0
0
0
0
0
0
0
0
0
0
0
0
0
0
0
0
0
0
179
179
179
171
174
167
172
176
1
5
10
17
24
26
24
6
3
3
3
2
1
1
0
0
0
0
0
0
0
0
0
0
0
0
0
0
0
0
0
0
0
0
2
2
0
0
0
0
0
0
0
0
0
0
0
0
0
0
0
0
0
0
0
179
179
179
172
175
166
168
169
173
177
10
15
21
26
30
32
28
11
5
6
4
1
2
3
3
1
0
0
0
0
0
0
0
0
0
0
0
0
0
0
0
0
0
2
2
0
0
0
0
0
0
0
0
0
0
0
0
0
0
0
0
0
0
179
179
179
0
178
162
163
171
175
176
179
10
17
23
28
32
33
33
33
27
19
16
4
3
2
2
2
3
0
0
0
0
0
0
0
0
0
0
0
0
0
0
0
0
2
2
0
0
0
0
0
0
0
0
0
0
0
0
0
0
0
0
0
0
179
179
0
179
164
166
168
169
177
179
9
12
21
27
33
35
36
37
37
38
49
52
49
60
44
6
1
2
2
0
0
0
0
0
0
0
0
0
0
0
0
0
0
0
2
2
0
0
0
0
0
0
0
0
0
0
0
0
0
0
0
0
0
179
179
179
0
163
168
165
169
171
0
8
9
14
21
29
35
37
38
39
40
44
42
56
61
63
64
60
33
0
1
2
0
0
0
0
0
0
0
0
0
0
0
0
0
0
2
2
0
0
0
0
0
0
0
0
0
0
0
0
0
0
0
0
0
179
179
179
0
160
164
166
166
172
1
7
12
20
26
33
37
39
41
41
42
43
56
61
63
64
64
62
61
31
0
1
0
0
0
0
0
0
0
0
0
0
0
0
0
0
2
2
0
0
0
0
0
0
0
0
0
0
0
0
0
0
0
0
0
179
179
179
172
158
162
164
167
170
0
8
15
22
29
36
38
40
42
45
46
46
56
60
62
65
67
65
60
61
31
2
0
0
0
0
0
0
0
0
0
0
0
0
0
0
2
2
0
0
0
0
0
0
0
0
0
0
0
0
0
0
0
0
0
179
179
168
1
158
165
165
168
170
177
7
15
23
31
37
41
43
45
48
49
48
46
45
63
64
65
66
65
60
56
1
0
0
0
0
0
0
0
0
0
0
0
0
0
0
2
2
0
0
0
0
0
0
0
0
0
0
0
0
0
0
0
0
0
179
179
167
173
159
159
163
165
168
179
10
17
24
32
37
41
44
45
48
49
48
48
49
61
63
63
63
68
61
43
2
0
0
0
0
0
0
0
0
0
0
0
0
0
0
2
2
0
0
0
0
0
0
0
0
0
0
0
0
0
0
0
0
0
179
179
170
171
158
161
162
167
170
178
10
17
24
33
37
41
41
44
48
48
45
46
60
62
65
64
65
68
58
9
2
0
0
0
0
0
0
0
0
0
0
0
0
0
0
2
2
0
0
0
0
0
0
0
0
0
0
0
0
0
0
0
0
179
179
179
172
178
156
159
162
166
170
0
10
18
25
34
37
41
42
44
45
46
46
56
60
61
63
63
67
66
66
1
2
0
0
0
0
0
0
0
0
0
0
0
0
0
0
2
2
0
0
0
0
0
0
0
0
0
0
0
0
0
0
0
0
179
179
179
173
161
157
159
160
163
171
1
11
17
24
32
36
40
41
43
41
47
53
55
60
61
62
63
66
66
12
1
1
0
0
0
0
0
0
0
0
0
0
0
0
0
0
2
2
0
0
0
0
0
0
0
0
0
0
0
0
0
0
0
0
179
179
179
0
156
154
159
161
166
172
9
14
19
27
33
36
40
40
41
39
47
54
60
62
64
65
65
65
65
1
2
0
0
0
0
0
0
0
0
0
0
0
0
0
0
0
2
2
0
0
0
0
0
0
0
0
0
0
0
0
0
0
0
0
179
179
171
177
153
154
159
162
167
175
8
15
21
29
35
41
43
42
42
39
46
55
60
63
65
64
66
65
16
2
1
0
0
0
0
0
0
0
0
0
0
0
0
0
0
0
2
2
0
0
0
0
0
0
0
0
0
0
0
0
0
0
0
0
179
179
0
151
150
152
158
164
168
176
9
18
24
32
38
44
46
43
44
43
45
56
62
65
65
73
68
71
2
2
0
0
0
0
0
0
0
0
0
0
0
0
0
0
0
0
2
2
0
0
0
0
0
0
0
0
0
0
0
0
0
0
0
179
179
179
179
146
149
152
158
165
171
176
12
20
26
34
38
45
47
45
53
53
57
60
63
66
63
71
75
28
0
1
0
0
0
0
0
0
0
0
0
0
0
0
0
0
0
0
2
2
0
0
0
0
0
0
0
0
0
0
0
0
0
0
0
179
179
179
176
141
145
148
154
162
170
179
13
21
28
34
39
45
47
53
57
58
60
61
65
64
68
75
80
0
2
1
0
0
0
0
0
0
0
0
0
0
0
0
0
0
0
0
2
2
0
0
0
0
0
0
0
0
0
0
0
0
0
0
179
179
179
179
174
138
144
147
155
164
171
179
16
25
31
39
46
47
54
59
60
61
63
63
68
67
72
75
53
2
2
0
0
0
0
0
0
0
0
0
0
0
0
0
0
0
0
0
2
2
0
0
0
0
0
0
0
0
0
0
0
0
0
0
179
179
179
179
177
135
142
144
155
166
172
14
16
27
36
44
49
56
59
63
64
64
63
67
69
69
71
74
48
1
2
0
0
0
0
0
0
0
0
0
0
0
0
0
0
0
0
0
2
2
0
0
0
0
0
0
0
0
0
0
0
0
0
0
179
179
179
179
1
137
144
145
155
164
175
13
19
30
39
47
58
62
63
65
65
70
66
65
70
66
70
74
81
2
2
2
0
0
0
0
0
0
0
0
0
0
0
0
0
0
0
0
2
2
0
0
0
0
0
0
0
0
0
0
0
0
0
179
179
179
179
179
179
140
147
148
157
170
179
15
24
36
40
60
64
66
72
68
68
64
65
64
66
66
68
75
80
39
2
3
1
0
0
0
0
0
0
0
0
0
0
0
0
0
0
0
2
2
0
0
0
0
0
0
0
0
0
0
0
179
0
179
179
179
179
179
0
178
146
150
156
162
4
21
39
54
63
66
70
68
71
67
63
64
65
67
69
70
72
75
84
85
22
2
3
0
0
0
0
0
0
0
0
0
0
0
0
0
0
0
2
2
0
0
0
0
0
0
0
0
0
0
0
0
0
0
0
0
0
165
171
0
173
150
158
174
9
31
51
67
68
76
68
65
69
67
67
67
68
70
71
71
72
76
80
83
88
0
2
2
179
0
0
0
0
0
0
0
0
0
0
0
0
0
2
2
0
0
0
0
0
0
0
0
0
0
0
0
0
0
0
2
4
2
3
4
3
168
174
10
28
49
68
73
81
76
72
70
70
73
71
71
71
71
71
71
73
76
78
81
82
47
1
1
0
0
0
0
0
0
0
0
0
0
0
0
0
0
2
2
0
0
0
0
0
0
0
0
0
0
0
0
0
1
1
0
13
2
1
0
172
137
9
29
45
70
84
81
79
77
75
75
75
76
75
73
72
72
73
73
74
75
78
82
85
91
1
0
0
0
0
0
0
0
0
0
0
0
0
0
0
0
2
2
0
0
0
0
0
0
0
0
0
0
0
0
1
0
2
40
106
110
115
120
125
122
119
54
93
87
84
82
80
79
77
78
77
78
76
75
72
70
71
73
75
76
78
81
83
78
1
179
0
0
0
0
0
0
0
0
0
0
0
0
0
0
2
2
0
0
0
0
0
0
0
0
0
0
0
1
179
26
98
98
101
105
110
115
117
114
108
96
91
87
83
81
81
82
80
79
79
79
78
76
75
73
74
76
76
76
78
80
83
73
3
1
0
0
0
0
0
0
0
0
0
0
0
0
0
0
2
2
0
0
0
0
0
0
0
0
0
0
0
1
17
93
93
93
95
100
103
107
109
104
101
95
92
88
86
85
84
83
82
81
81
81
79
78
77
77
77
77
78
78
78
79
82
37
2
1
0
0
0
0
0
0
0
0
0
0
0
0
0
0
2
2
0
0
0
0
0
0
0
0
0
0
2
2
93
90
90
92
94
97
100
103
103
102
101
96
92
90
88
87
85
84
83
82
81
81
80
79
79
78
77
79
79
79
78
77
74
2
1
0
0
0
0
0
0
0
0
0
0
0
0
0
0
0
2
2
0
0
0
0
0
0
0
0
0
1
0
50
90
87
88
90
92
93
96
98
99
100
102
98
96
92
91
88
86
83
83
81
82
81
81
80
80
80
80
80
80
80
80
82
29
2
1
0
0
0
0
0
0
0
0
0
0
0
0
0
0
0
2
2
0
0
0
0
0
0
0
179
0
1
0
93
99
93
95
94
92
91
92
94
96
100
102
100
98
95
92
89
87
84
83
82
81
81
81
81
82
82
82
82
81
82
82
76
1
2
0
0
0
0
0
0
0
0
0
0
0
0
0
0
0
0
2
2
0
0
0
0
0
0
0
179
0
179
0
66
64
72
79
97
97
94
93
94
97
100
103
102
100
97
94
91
89
88
86
85
84
82
83
83
84
85
83
82
83
83
85
9
2
1
0
0
0
0
0
0
0
0
0
0
0
0
0
0
0
0
2
2
0
0
0
0
0
0
0
179
179
179
0
1
51
69
67
100
96
94
90
93
97
104
104
104
101
97
93
91
90
90
89
87
87
84
84
84
85
85
83
83
83
84
76
0
2
0
0
0
0
0
0
0
0
0
0
0
0
0
0
0
0
0
2
2
0
0
0
0
0
0
0
179
179
179
0
1
0
1
0
1
1
0
2
21
105
105
108
104
100
97
95
92
93
92
91
88
87
85
85
85
84
83
81
82
83
85
0
2
1
0
0
0
0
0
0
0
0
0
0
0
0
0
0
0
0
0
2
2
0
0
0
0
0
0
0
0
0
0
179
0
0
0
0
1
1
2
1
0
1
40
108
105
100
96
95
93
94
92
92
91
89
86
85
84
83
81
81
81
80
19
179
1
0
0
0
0
0
0
0
0
0
0
0
0
0
0
0
0
0
0
2
2
0
0
0
0
0
0
0
0
0
0
0
0
0
0
0
0
0
179
0
0
2
16
109
106
101
99
97
95
94
93
92
90
89
87
85
83
82
81
81
80
63
178
2
1
0
0
0
0
0
0
0
0
0
0
0
0
0
0
0
0
0
0
2
2
0
0
0
0
0
0
0
0
0
0
0
0
179
179
179
179
179
179
0
179
128
119
115
112
106
102
100
97
94
92
91
90
89
87
85
83
82
82
82
84
179
2
1
0
0
0
0
0
0
0
0
0
0
0
0
0
0
0
0
0
0
0
2
2
0
0
0
0
0
0
0
0
0
0
0
0
0
0
0
0
179
179
177
176
120
117
114
110
107
101
102
98
96
93
92
90
88
86
84
82
81
81
82
55
1
2
0
0
0
0
0
0
0
0
0
0
0
0
0
0
0
0
0
0
0
0
2
2
0
0
0
0
0
0
0
0
0
0
0
0
0
0
0
179
179
179
178
122
116
116
112
110
106
102
102
99
97
95
93
90
87
84
83
81
81
83
85
1
3
0
0
0
0
0
0
0
0
0
0
0
0
0
0
0
0
0
0
0
0
0
2
2
0
0
0
0
0
0
0
0
0
0
0
0
0
0
0
179
179
179
178
118
114
113
108
108
105
101
100
97
96
95
93
90
87
85
83
82
83
82
49
1
2
0
0
0
0
0
0
0
0
0
0
0
0
0
0
0
0
0
0
0
0
0
2
2
0
0
0
0
0
0
0
0
0
0
0
0
0
0
0
179
179
179
179
116
113
113
109
109
106
102
100
97
96
94
93
91
88
86
83
83
81
71
1
1
0
0
0
0
0
0
0
0
0
0
0
0
0
0
0
0
0
0
0
0
0
0
2
2
0
0
0
0
0
0
0
0
0
0
0
0
0
0
0
179
179
179
0
38
109
110
107
107
105
102
100
97
95
95
93
93
90
87
85
84
37
1
1
1
0
0
0
0
0
0
0
0
0
0
0
0
0
0
0
0
0
0
0
0
0
0
2
2
0
0
0
0
0
0
0
0
0
0
0
0
0
0
0
179
179
179
178
178
106
109
106
106
105
104
102
99
97
96
95
96
93
91
88
6
1
2
1
0
0
0
0
0
0
0
0
0
0
0
0
0
0
0
0
0
0
0
0
0
0
0
2
2
0
0
0
0
0
0
0
0
0
0
0
0
0
0
0
179
179
179
177
178
103
106
104
105
103
103
102
100
98
97
96
96
96
95
12
1
1
1
0
0
0
0
0
0
0
0
0
0
0
0
0
0
0
0
0
0
0
0
0
0
0
0
2
2
0
0
0
0
0
0
0
0
0
0
0
0
0
0
0
0
179
179
178
178
3
101
102
103
103
102
102
100
99
98
98
98
97
46
1
1
0
0
0
0
0
0
0
0
0
0
0
0
0
0
0
0
0
0
0
0
0
0
0
0
0
0
2
2
0
0
0
0
0
0
0
0
0
0
0
0
0
0
0
0
0
179
178
177
178
107
100
103
102
102
102
100
101
101
100
100
103
1
1
0
0
0
0
0
0
0
0
0
0
0
0
0
0
0
0
0
0
0
0
0
0
0
0
0
0
0
2
2
0
0
0
0
0
0
0
0
0
0
0
0
0
0
0
0
0
0
179
177
177
177
103
102
104
104
104
104
102
103
103
104
2
1
0
0
0
0
0
0
0
0
0
0
0
0
0
0
0
0
0
0
0
0
0
0
0
0
0
0
0
0
2
2
0
0
0
0
0
0
0
0
0
0
0
0
0
0
0
0
0
0
0
179
178
177
176
38
103
104
103
102
104
104
109
179
179
0
0
0
0
0
0
0
0
0
0
0
0
0
0
0
0
0
0
0
0
0
0
0
0
0
0
0
0
0
2
2
0
0
0
0
0
0
0
0
0
0
0
0
0
0
0
0
0
0
0
0
179
179
179
177
177
178
1
2
2
0
179
0
0
0
0
0
0
0
0
0
0
0
0
0
0
0
0
0
0
0
0
0
0
0
0
0
0
0
0
0
0
0
2
2
0
0
0
0
0
0
0
0
0
0
0
0
0
0
0
0
0
0
0
0
0
179
179
0
0
0
1
1
0
0
0
0
0
0
0
0
0
0
0
0
0
0
0
0
0
0
0
0
0
0
0
0
0
0
0
0
0
0
0
0
0
0
2
2
0
0
0
0
0
0
0
0
0
0
0
0
0
0
0
0
0
0
0
0
0
0
0
0
0
0
0
0
0
0
0
0
0
0
0
0
0
0
0
0
0
0
0
0
0
0
0
0
0
0
0
0
0
0
0
0
0
0
0
0
0
0
2
2
0
0
0
0
0
0
0
0
0
0
0
0
0
0
0
0
0
0
0
0
0
0
0
0
0
0
0
0
0
0
0
0
0
0
0
0
0
0
0
0
0
0
0
0
0
0
0
0
0
0
0
0
0
0
0
0
0
0
0
0
0
1
3
1
1
0
0
0
0
0
0
0
0
0
0
0
0
0
0
0
0
0
0
0
0
0
0
0
0
0
0
0
0
0
0
0
0
0
0
0
0
0
0
0
0
0
0
0
0
0
0
0
0
0
0
0
0
0
0
0
0
0
0
0
1
1
2
2
1
0
0
0
0
0
0
0
0
0
0
0
0
0
0
0
0
0
0
0
0
0
0
0
0
0
0
0
0
0
0
0
0
0
0
0
0
0
0
0
0
0
0
0
0
0
0
0
0
0
0
0
0
0
0
0
0
0
0
0
1
0
2
