1
0
179
0
0
0
0
0
0
0
0
0
0
0
0
0
0
179
179
179
0
0
0
0
0
0
179
179
179
179
179
179
0
179
179
179
0
0
0
0
0
0
0
0
0
0
0
0
0
0
0
0
0
0
0
0
0
0
0
0
0
0
0
1
1
0
179
179
179
179
179
179
179
179
179
179
179
179
179
179
179
179
179
179
179
179
179
179
179
179
179
179
179
179
179
179
0
179
179
179
179
0
0
0
179
0
179
179
179
179
179
179
179
179
179
179
179
179
179
179
179
179
179
179
179
0
0
2
2
0
0
0
0
0
0
0
0
0
0
0
0
0
0
0
0
179
179
0
0
0
0
0
179
179
179
179
179
179
0
1
1
1
1
1
2
2
1
1
1
0
0
0
0
0
0
0
0
0
0
0
0
0
0
0
0
0
0
0
0
0
0
2
2
0
0
0
0
0
0
0
0
0
0
0
0
0
0
0
0
0
0
0
0
0
0
179
167
170
174
174
176
178
179
179
179
178
0
4
6
9
6
1
0
0
0
0
0
0
0
0
0
0
0
0
0
0
0
0
0
0
0
0
0
0
0
2
2
0
0
0
0
0
0
0
0
0
0
0
0
0
0
179
0
1
179
176
177
0
179
166
169
169
167
167
171
174
177
171
170
174
175
177
11
15
31
4
2
0
0
0
0
0
0
0
0
0
0
0
0
0
0
0
0
0
0
0
0
0
0
2
2
0
0
0
0
0
0
0
0
0
0
0
0
179
179
179
0
2
165
133
140
174
175
175
173
172
158
158
163
167
167
164
173
174
2
10
23
31
38
13
4
1
0
0
0
0
0
0
0
0
0
0
0
0
0
0
0
0
0
0
0
0
0
2
2
0
0
0
0
0
0
0
0
0
0
0
0
179
179
0
178
133
137
130
133
137
139
141
144
148
152
156
160
163
166
167
170
176
5
12
33
36
42
37
3
1
0
0
0
0
0
0
0
0
0
0
0
0
0
0
0
0
0
0
0
0
0
2
2
0
0
0
0
0
0
0
0
0
0
0
179
179
0
0
0
130
131
128
131
135
138
139
143
145
149
152
155
161
164
166
171
175
0
6
27
33
29
33
1
1
0
0
0
0
0
0
0
0
0
0
0
0
0
0
0
0
0
0
0
0
0
2
2
0
0
0
0
0
0
0
0
0
0
0
179
179
179
179
0
126
131
125
131
133
135
137
138
141
145
149
155
160
165
170
171
174
179
6
21
32
31
31
1
1
0
0
0
0
0
0
0
0
0
0
0
0
0
0
0
0
0
0
0
0
0
2
2
0
0
0
0
0
0
0
0
0
0
0
179
179
179
178
179
129
132
128
131
135
136
136
138
140
145
149
154
159
163
167
169
172
177
7
20
32
37
28
6
2
1
0
0
0
0
0
0
0
0
0
0
0
0
0
0
0
0
0
0
0
0
2
2
0
0
0
0
0
0
0
0
0
0
0
179
0
179
179
0
179
176
128
133
135
136
137
139
142
147
151
156
161
165
169
172
172
177
7
20
27
33
22
32
2
1
0
0
0
0
0
0
0
0
0
0
0
0
0
0
0
0
0
0
0
0
2
2
0
0
0
0
0
0
0
0
0
0
0
0
0
0
179
0
0
179
177
131
134
135
136
140
143
149
153
157
162
165
167
171
170
179
6
20
32
38
30
40
4
1
0
0
0
0
0
0
0
0
0
0
0
0
0
0
0
0
0
0
0
0
2
2
0
0
0
0
0
0
0
0
0
0
0
0
0
0
0
179
179
179
0
134
133
133
135
139
143
149
154
160
165
166
168
170
172
178
7
18
29
33
32
25
8
1
0
0
0
0
0
0
0
0
0
0
0
0
0
0
0
0
0
0
0
0
2
2
0
0
0
0
0
0
0
0
0
0
0
0
0
0
179
179
179
179
178
131
134
135
136
140
144
150
155
160
166
168
170
171
173
3
11
12
20
33
27
23
4
2
0
0
0
0
0
0
0
0
0
0
0
0
0
0
0
0
0
0
0
0
2
2
0
0
0
0
0
0
0
0
0
0
0
0
0
179
179
179
0
0
134
134
134
135
136
140
144
149
156
162
168
168
171
174
175
2
9
13
9
19
25
6
3
1
0
0
0
0
0
0
0
0
0
0
0
0
0
0
0
0
0
0
0
0
2
2
0
0
0
0
0
0
0
0
0
0
0
0
0
179
179
179
1
134
133
134
135
136
139
141
146
151
158
163
169
168
171
171
176
178
5
16
23
28
2
4
3
2
1
0
0
0
0
0
0
0
0
0
0
0
0
0
0
0
0
0
0
0
2
2
0
0
0
0
179
179
179
179
0
0
0
0
0
179
179
179
0
132
133
135
136
138
139
143
147
153
159
163
169
170
176
175
174
176
3
12
18
28
11
6
3
2
2
0
0
0
0
0
0
0
0
0
0
0
0
0
0
0
0
0
0
0
2
2
0
0
0
0
179
179
179
0
0
0
0
0
0
179
179
179
168
133
135
136
137
139
141
144
148
153
157
161
166
167
170
172
173
174
1
8
19
25
26
26
9
2
2
1
0
0
0
0
0
0
0
0
0
0
0
0
0
0
0
0
0
0
2
2
0
0
0
0
0
0
0
0
0
0
0
0
0
179
179
0
135
136
136
137
137
139
142
146
151
156
160
163
166
166
166
167
168
172
178
3
8
18
19
25
21
8
1
2
0
0
0
0
0
0
0
0
0
0
0
0
0
0
0
0
0
0
2
2
0
0
0
0
0
0
1
3
2
2
2
1
179
0
179
1
137
136
137
136
137
139
143
148
152
156
161
164
166
165
165
166
166
166
172
178
4
17
18
24
25
25
4
0
1
0
0
0
0
0
0
0
0
0
0
0
0
0
0
0
0
0
2
2
0
0
0
0
0
1
2
1
4
2
1
1
179
0
179
2
138
139
137
137
138
140
144
150
154
157
161
167
165
164
162
162
162
166
164
171
178
17
15
21
24
25
21
179
0
0
0
0
0
0
0
0
0
0
0
0
0
0
0
0
0
0
2
2
0
0
0
0
0
1
14
37
24
20
2
2
179
179
179
1
135
136
136
136
138
140
145
151
156
160
163
168
165
163
161
157
157
159
161
166
176
2
15
18
22
25
26
2
1
0
0
0
0
0
0
0
0
0
0
0
0
0
0
0
0
0
2
2
0
0
0
179
1
1
117
121
31
24
3
2
179
179
179
0
131
137
135
136
138
140
144
153
161
170
169
170
165
161
158
154
154
157
158
160
172
175
6
18
19
21
21
2
1
0
0
0
0
0
0
0
0
0
0
0
0
0
0
0
0
0
2
2
0
0
179
179
0
4
108
112
50
44
7
2
0
179
179
0
131
132
132
133
136
141
146
154
161
162
175
169
162
159
155
152
151
154
155
157
160
169
3
3
6
4
2
1
0
0
0
0
0
0
0
0
0
0
0
0
0
0
0
0
0
0
2
2
0
0
179
179
0
179
37
33
30
28
0
1
0
179
179
0
128
129
130
131
135
140
147
158
165
169
173
172
160
157
153
150
150
152
153
153
154
168
2
2
2
2
1
1
0
0
179
0
0
0
0
0
0
0
0
0
0
0
0
0
0
0
2
2
0
0
179
179
179
179
35
13
5
127
1
1
0
179
179
179
127
128
128
129
134
140
149
162
168
171
172
165
153
153
150
150
149
151
151
153
156
156
175
0
0
0
0
0
0
0
179
0
0
0
0
0
0
0
0
0
0
0
0
0
0
0
2
2
0
0
0
179
179
179
1
128
169
179
0
0
179
178
178
173
126
126
127
129
133
140
148
159
174
175
167
150
150
150
149
148
149
150
151
153
156
158
159
0
179
179
0
1
1
0
0
0
0
0
0
0
0
0
0
0
0
0
0
0
0
0
2
2
0
0
0
0
179
0
1
0
179
0
0
0
179
178
179
123
126
126
127
129
134
140
146
156
168
166
152
148
147
147
147
147
149
150
151
154
155
159
157
177
0
1
2
3
6
1
0
0
0
0
0
0
0
0
0
0
0
0
0
0
0
0
2
2
0
0
0
0
179
179
0
0
0
0
0
0
0
178
179
123
125
126
127
129
133
140
144
146
158
158
144
143
144
144
144
145
147
149
152
155
157
160
161
176
2
2
0
26
22
2
0
0
0
0
0
0
0
0
0
0
0
0
0
0
0
0
2
2
0
0
0
0
0
179
0
0
179
0
0
179
179
178
0
124
125
125
127
129
132
139
141
142
142
143
142
141
141
142
142
144
147
150
152
155
157
160
159
179
3
1
34
30
29
2
0
0
0
0
0
0
0
0
0
0
0
0
0
0
0
0
2
2
0
0
0
0
0
0
179
179
179
179
0
179
179
178
178
122
124
125
125
128
131
136
137
139
138
140
139
139
139
140
142
144
146
149
152
155
157
161
165
4
6
35
30
30
38
2
0
0
0
0
0
0
0
0
0
0
0
0
0
0
0
0
2
2
0
0
0
0
0
0
0
0
0
0
0
179
179
179
178
123
123
124
124
126
129
133
135
136
136
136
136
135
137
138
140
142
145
149
151
154
156
160
163
7
25
38
40
39
45
2
0
0
0
0
0
0
0
0
0
0
0
0
0
0
0
0
2
2
0
0
0
0
0
0
0
0
0
0
0
179
179
179
177
178
119
122
122
125
128
131
134
135
136
136
135
135
135
136
139
142
146
149
150
153
154
157
173
5
25
37
37
34
30
2
1
0
0
0
0
0
0
0
0
0
0
0
0
0
0
0
2
2
0
0
0
0
0
0
0
0
0
0
0
179
179
179
178
178
118
119
121
123
126
129
132
133
134
135
134
134
134
135
138
141
145
147
149
153
153
155
174
7
25
31
28
29
1
1
0
0
0
0
0
0
0
0
0
0
0
0
0
0
0
0
2
2
0
0
0
0
0
0
0
0
0
0
0
179
179
179
178
179
115
117
119
121
124
127
130
132
134
134
134
134
134
135
138
140
144
148
151
154
154
156
160
3
17
22
16
12
2
1
0
0
0
0
0
0
0
0
0
0
0
0
0
0
0
0
2
2
0
0
0
0
0
0
0
0
0
0
0
0
179
179
178
179
39
115
118
120
122
126
130
132
134
134
134
133
133
135
137
140
144
149
152
155
156
160
162
0
11
16
14
3
1
1
0
0
0
0
0
0
0
0
0
0
0
0
0
0
0
0
2
2
0
0
0
0
0
0
0
0
0
0
0
0
179
179
179
177
177
112
116
117
121
124
128
131
132
133
134
133
132
133
135
139
144
148
153
157
158
160
165
175
179
0
6
1
1
0
0
0
0
0
0
0
0
0
0
0
0
0
0
0
0
0
2
2
0
0
0
0
0
0
0
0
0
0
0
0
179
179
179
177
177
23
116
121
119
124
126
130
131
132
133
132
131
133
134
138
141
149
155
159
160
160
164
170
172
175
2
0
0
0
0
0
0
0
0
0
0
0
0
0
0
0
0
0
0
0
2
2
0
0
0
0
0
0
0
0
0
0
0
0
0
0
179
178
177
178
20
119
121
119
124
126
128
129
131
130
130
130
132
134
143
153
159
163
163
162
165
171
172
179
1
0
0
0
0
0
0
0
0
0
0
0
0
0
0
0
0
0
0
0
2
2
0
0
0
0
0
0
0
0
0
0
0
0
0
0
0
179
178
178
179
130
120
120
122
126
126
128
129
130
130
130
130
167
179
0
179
175
161
164
166
164
177
1
0
0
0
0
0
0
0
0
0
0
0
0
0
0
0
0
0
0
0
0
2
2
0
0
0
0
0
0
0
0
0
0
0
0
0
0
0
0
179
179
0
179
174
121
124
123
125
126
127
128
129
126
133
179
179
179
179
179
179
175
177
0
0
0
0
1
1
1
0
0
0
0
0
0
0
0
0
0
0
0
0
0
0
0
2
2
0
0
0
0
0
0
0
0
0
0
0
0
0
0
0
0
0
179
179
179
178
130
123
123
123
127
126
127
129
131
171
1
179
179
179
179
179
179
0
0
0
2
3
4
1
1
1
179
0
0
0
0
0
0
0
0
0
0
0
0
0
0
2
2
0
0
0
0
0
0
0
0
0
0
0
0
0
0
0
0
0
0
179
179
179
177
176
122
122
125
126
127
129
131
175
0
179
0
179
179
179
0
179
0
1
2
11
35
10
1
2
179
0
0
0
0
0
0
0
0
0
0
0
0
0
0
2
2
0
0
0
0
0
0
0
0
0
0
0
0
0
0
0
0
0
0
0
179
179
179
0
173
121
125
126
126
129
129
176
0
0
0
0
0
179
179
0
1
2
10
45
36
47
6
1
0
0
0
0
0
0
0
0
0
0
0
0
0
0
0
2
2
0
0
0
0
0
0
0
0
0
0
0
0
0
0
0
0
0
0
0
0
179
179
179
179
129
126
127
127
128
128
173
0
0
179
0
0
0
0
1
2
4
55
50
49
45
12
0
0
0
0
0
0
0
0
0
0
0
0
0
0
0
0
2
2
0
0
0
0
0
0
0
0
0
0
0
0
0
0
0
0
0
0
0
0
0
179
179
179
173
129
128
127
128
127
164
1
0
0
179
0
0
1
0
2
56
55
58
52
53
1
2
0
0
0
0
0
0
0
0
0
0
0
0
0
0
0
2
2
0
0
0
0
0
0
0
0
0
0
0
0
0
0
0
0
0
0
0
0
0
179
178
0
174
135
133
130
130
129
131
173
0
0
0
1
2
1
18
58
56
65
65
50
62
2
2
0
0
0
0
0
0
0
0
0
0
0
0
0
0
0
2
2
0
0
0
0
0
0
0
0
0
0
0
0
0
0
0
0
0
0
0
0
179
179
179
170
175
139
137
132
131
131
130
136
176
0
1
0
8
116
103
70
90
81
66
62
2
2
1
0
0
0
0
0
0
0
0
0
0
0
0
0
0
0
2
2
0
0
0
0
0
0
0
0
0
0
0
0
0
0
0
0
0
0
0
0
179
179
179
0
151
143
141
136
133
133
133
131
162
2
1
122
114
107
104
98
92
76
71
7
2
2
0
0
0
0
0
0
0
0
0
0
0
0
0
0
0
0
2
2
0
0
0
0
0
0
0
0
0
0
0
0
0
0
0
0
0
0
0
0
179
179
179
0
150
147
143
139
135
134
133
131
129
128
127
120
112
107
106
99
97
76
21
3
1
0
0
0
0
0
0
0
0
0
0
0
0
0
0
0
0
0
2
2
0
0
0
0
0
0
0
0
0
0
0
0
0
0
0
0
0
0
0
0
179
179
179
171
151
151
144
140
137
135
134
133
131
129
127
122
114
111
111
106
101
18
1
1
0
0
0
0
0
0
0
0
0
0
0
0
0
0
0
0
0
0
2
2
0
0
0
0
0
0
0
0
0
0
0
0
0
0
0
0
0
0
0
179
179
179
179
167
152
153
146
143
138
136
135
133
131
131
129
124
117
114
113
108
35
2
2
1
0
0
0
0
0
0
0
0
0
0
0
0
0
0
0
0
0
0
2
2
0
0
0
0
0
0
0
0
0
0
0
0
0
0
0
0
0
0
0
179
179
179
179
168
153
155
149
146
143
140
139
136
134
135
134
128
124
121
122
118
1
1
0
0
0
0
0
0
0
0
0
0
0
0
0
0
0
0
0
0
0
0
2
2
0
0
0
0
0
0
0
0
0
0
0
0
0
0
0
0
0
0
0
179
179
179
179
178
156
157
151
149
146
145
142
138
136
138
136
129
126
124
126
0
0
0
0
0
0
0
0
0
0
0
0
0
0
0
0
0
0
0
0
0
0
0
2
2
0
0
0
0
0
0
0
0
0
0
0
0
0
0
0
0
0
0
0
179
179
179
179
0
157
162
154
155
150
151
148
143
140
142
140
135
131
131
132
178
0
0
0
0
0
0
0
0
0
0
0
0
0
0
0
0
0
0
0
0
0
0
2
2
0
0
0
0
0
0
0
0
0
0
0
0
0
0
0
0
0
0
0
179
0
179
179
179
178
161
160
158
156
155
151
147
141
142
141
132
133
132
137
0
0
0
0
0
0
0
0
0
0
0
0
0
0
0
0
0
0
0
0
0
0
0
2
2
0
0
0
0
0
0
0
0
0
0
0
0
0
0
0
0
0
0
0
0
0
0
179
179
179
177
161
165
162
160
156
150
144
146
140
134
130
134
0
0
0
0
0
0
0
0
0
0
0
0
0
0
0
0
0
0
0
0
0
0
0
0
2
2
0
0
0
0
0
0
0
0
0
0
0
0
0
0
0
0
0
0
0
0
0
0
0
179
179
179
179
159
165
162
159
154
146
145
140
134
135
0
0
0
0
0
0
0
0
0
0
0
0
0
0
0
0
0
0
0
0
0
0
0
0
0
2
2
0
0
0
0
0
0
0
0
0
0
0
0
0
0
0
0
0
0
0
0
0
0
0
179
179
179
179
179
159
161
164
156
151
148
140
137
177
0
0
0
0
0
0
0
0
0
0
0
0
0
0
0
0
0
0
0
0
0
0
0
0
0
2
2
0
0
0
0
0
0
0
0
0
0
0
0
0
0
0
0
0
0
0
0
0
0
0
0
0
179
179
179
179
165
159
155
151
147
142
172
0
0
179
0
0
0
0
0
0
0
0
0
0
0
0
0
0
0
0
0
0
0
0
0
0
0
2
2
0
0
0
0
0
0
0
0
0
0
0
0
0
0
0
0
0
0
0
0
0
0
0
0
0
0
179
0
0
0
179
176
176
172
171
1
0
0
0
0
0
0
0
0
0
0
0
0
0
0
0
0
0
0
0
0
0
0
0
0
0
0
2
2
0
0
0
0
0
0
0
0
0
0
0
0
0
0
0
0
0
0
0
0
0
0
0
0
0
0
0
0
0
0
0
179
179
179
179
0
0
0
0
0
0
0
0
0
0
0
0
0
0
0
0
0
0
0
0
0
0
0
0
0
0
1
3
1
1
0
0
0
0
0
0
0
0
0
0
0
0
0
0
0
0
0
0
0
0
0
0
0
0
0
1
1
0
1
0
0
0
0
0
0
0
0
0
0
0
0
0
0
0
0
0
0
0
0
0
0
0
0
0
0
0
0
0
0
1
1
2
2
1
0
0
0
0
0
0
0
0
0
0
0
0
0
0
0
0
0
0
0
0
0
0
0
0
0
0
0
0
0
0
0
0
0
0
0
0
0
0
0
0
0
0
0
0
0
0
0
0
0
0
0
0
0
0
0
0
0
0
0
1
0
2
