0
0
179
179
179
179
179
179
179
179
179
179
179
179
179
179
179
179
179
179
179
179
179
179
179
179
179
179
179
179
179
179
178
178
178
179
179
179
179
179
179
179
179
179
179
179
179
179
179
179
179
179
179
179
179
179
179
179
179
179
179
0
0
0
1
0
179
179
179
179
179
179
179
179
179
179
179
179
179
179
179
179
179
179
179
179
179
179
179
179
179
179
179
178
178
172
172
173
172
168
178
179
179
179
179
179
179
179
179
179
179
179
179
179
179
179
179
179
179
179
179
179
179
179
179
0
0
2
1
0
0
0
0
0
0
0
0
0
0
0
0
0
0
0
0
0
0
0
0
0
0
0
0
0
0
179
179
179
177
165
166
169
172
173
178
0
0
0
0
0
0
0
0
0
0
0
0
0
0
0
0
0
0
0
0
0
0
0
0
0
0
1
1
0
0
0
0
0
0
0
0
0
0
0
0
0
0
0
0
0
0
0
0
0
0
179
179
179
172
173
174
0
172
156
160
163
166
169
168
178
0
0
0
0
0
0
0
0
0
0
0
0
0
0
0
0
0
0
0
0
0
0
0
0
0
2
1
0
0
0
0
0
0
0
0
0
0
0
0
0
0
0
0
0
0
0
179
179
179
171
172
172
169
178
179
171
150
154
157
161
165
168
171
177
0
0
0
0
0
0
0
0
0
0
0
0
0
0
0
0
0
0
0
0
0
0
0
0
0
2
1
0
0
0
0
0
0
0
0
0
0
0
0
0
0
0
0
0
0
179
179
171
170
171
170
166
174
173
168
148
150
153
155
159
162
166
169
175
0
0
0
0
0
0
0
0
0
0
0
0
0
0
0
0
0
0
0
0
0
0
0
0
0
2
1
0
0
0
0
0
0
0
0
0
0
0
0
0
0
0
0
0
179
179
169
178
176
176
176
171
147
145
145
147
149
153
156
159
161
164
167
175
179
1
0
0
0
0
0
0
0
0
0
0
0
0
0
0
0
0
0
0
0
0
0
0
0
2
1
0
0
0
0
0
0
0
0
0
0
0
0
0
0
0
0
0
179
179
1
175
170
165
145
144
144
143
145
147
151
153
156
160
162
166
169
176
0
5
1
0
0
0
0
0
0
0
0
0
0
0
0
0
0
0
0
0
0
0
0
0
0
2
1
0
0
0
0
0
0
0
0
0
0
0
0
0
0
0
0
179
179
1
176
141
140
140
140
141
141
142
144
146
150
154
157
161
167
168
169
178
3
7
4
1
0
0
0
0
0
0
0
0
0
0
0
0
0
0
0
0
0
0
0
0
0
2
1
0
0
0
0
0
0
0
0
0
0
0
0
0
0
0
179
179
0
179
138
139
137
138
138
139
139
141
143
146
150
154
157
163
170
171
175
0
5
9
11
1
1
0
0
0
0
0
0
0
0
0
0
0
0
0
0
0
0
0
0
0
0
2
1
0
0
0
0
0
0
0
0
0
0
0
0
0
0
0
179
179
2
135
133
134
134
135
136
138
139
141
144
146
149
153
158
164
173
170
177
3
7
8
10
2
1
0
0
0
0
0
0
0
0
0
0
0
0
0
0
0
0
0
0
0
0
2
1
0
0
0
0
0
0
0
0
0
0
0
0
0
0
179
179
0
178
131
132
133
133
135
136
138
139
141
143
146
149
153
159
166
174
177
1
7
8
9
12
8
1
1
0
0
0
0
0
0
0
0
0
0
0
0
0
0
0
0
0
0
0
2
1
0
0
0
0
0
0
0
0
0
0
0
0
0
0
179
179
179
126
130
130
131
132
134
135
138
139
141
143
146
149
153
158
164
171
179
9
6
10
12
14
14
0
1
0
0
0
0
0
0
0
0
0
0
0
0
0
0
0
0
0
0
0
2
1
0
0
0
0
0
0
0
0
0
0
0
0
0
179
179
177
176
125
129
129
131
131
133
134
136
138
140
143
146
149
153
159
165
170
179
6
7
11
14
16
18
3
0
1
0
0
0
0
0
0
0
0
0
0
0
0
0
0
0
0
0
0
2
1
0
0
0
0
0
0
0
0
0
0
0
0
179
179
177
175
123
122
125
127
129
130
132
134
136
138
140
144
147
150
154
160
166
170
179
5
8
13
15
17
19
18
179
1
0
0
0
0
0
0
0
0
0
0
0
0
0
0
0
0
0
0
2
1
0
0
0
0
0
0
0
0
0
0
0
179
179
179
176
124
120
120
122
125
127
130
132
133
135
137
140
143
147
150
154
159
164
168
179
6
10
14
16
18
21
22
4
0
1
0
0
0
0
0
0
0
1
1
1
0
0
0
0
0
0
0
2
1
0
0
0
0
0
0
0
0
0
0
0
179
179
178
178
117
119
118
120
122
125
128
130
132
134
136
139
142
146
150
154
160
165
169
178
7
10
13
17
19
22
25
26
0
1
1
0
0
0
0
0
1
3
2
1
4
3
0
0
0
0
0
2
1
0
0
0
0
0
0
0
0
0
0
179
178
178
179
117
116
117
117
118
121
124
126
128
130
132
134
137
140
144
148
154
159
164
170
179
6
10
14
17
20
23
26
32
20
0
1
0
0
0
0
1
3
0
5
179
2
3
1
0
0
0
0
2
1
0
0
0
0
0
0
0
0
0
0
179
177
178
117
115
114
115
116
117
119
122
124
127
129
130
132
135
138
141
146
151
158
164
171
179
6
9
14
17
21
25
27
33
34
1
1
1
0
0
1
3
179
55
63
51
5
1
1
0
0
0
0
2
1
0
0
0
0
0
0
0
0
0
0
179
178
179
114
113
113
113
114
115
117
120
122
124
126
128
130
132
135
139
143
149
155
163
170
178
6
10
16
19
23
28
30
37
38
21
0
2
1
1
3
179
45
65
62
75
53
0
0
0
0
0
0
2
1
0
0
0
0
0
0
0
0
0
0
178
177
0
112
111
112
112
113
114
115
117
119
122
123
125
126
128
131
135
139
144
152
161
167
179
8
12
19
23
27
30
33
36
38
42
1
2
2
3
179
8
65
61
71
72
67
2
0
0
0
0
0
2
1
0
0
0
0
0
0
0
0
0
179
178
179
2
110
109
110
111
111
112
112
114
115
118
119
121
123
124
128
130
135
140
148
159
166
179
10
16
22
27
31
35
39
40
42
42
38
3
5
1
3
65
58
64
67
68
12
3
1
0
0
0
0
2
1
0
0
0
0
0
0
0
0
0
179
179
0
109
108
107
109
109
109
110
110
111
111
113
114
116
118
120
123
126
130
136
145
157
164
4
14
21
29
34
40
43
47
46
45
47
47
52
48
49
69
61
65
67
70
30
3
2
1
0
0
0
0
2
1
0
0
0
0
0
0
0
0
0
179
0
6
106
105
105
107
107
107
107
107
108
108
109
110
112
114
116
118
120
124
130
139
156
171
13
24
34
41
46
48
48
53
53
53
53
52
57
62
65
65
66
70
74
11
2
2
1
0
0
0
0
0
2
1
0
0
0
0
0
0
0
0
179
0
0
105
104
103
103
103
103
104
105
105
106
107
107
108
109
110
112
113
115
119
123
131
145
7
24
38
48
52
59
60
60
61
61
62
61
60
63
63
68
70
68
73
4
1
2
1
0
0
0
0
0
0
2
1
0
0
0
0
0
0
0
0
179
0
9
103
101
101
100
100
99
101
103
104
105
105
106
107
106
107
107
108
108
111
115
120
124
45
46
54
62
75
72
70
70
71
72
66
68
67
67
64
66
69
72
67
1
2
1
0
0
0
0
0
0
0
2
1
0
0
0
0
0
0
0
0
178
0
105
103
101
100
99
99
99
100
101
103
103
104
104
104
104
103
103
102
103
105
109
111
110
101
72
84
81
79
78
76
76
74
72
70
70
71
68
67
66
68
75
41
3
1
0
0
0
0
0
0
0
0
2
1
0
0
0
0
0
0
0
0
179
1
103
102
101
99
99
99
99
100
100
101
101
102
102
102
100
99
98
97
97
99
102
102
103
100
95
90
87
86
84
83
81
81
78
75
72
73
73
72
70
72
78
26
3
0
0
0
0
0
0
0
0
0
2
1
0
0
0
0
0
0
0
179
179
4
102
101
100
100
99
98
98
98
99
99
100
100
101
100
98
95
93
91
91
92
94
99
103
104
101
98
95
93
91
89
87
85
83
80
77
76
76
75
76
77
81
3
2
0
0
0
0
0
0
0
0
0
2
1
0
0
0
0
0
0
0
179
0
5
100
99
99
98
97
96
96
96
96
96
97
97
98
97
94
91
87
85
83
84
88
98
105
108
107
105
103
100
98
95
92
90
86
83
81
80
80
79
80
82
76
1
2
0
0
0
0
0
0
0
0
0
2
1
0
0
0
0
0
0
0
0
0
10
98
97
97
97
97
96
95
95
94
94
94
94
94
94
91
87
82
80
77
80
76
75
107
111
110
109
107
104
102
99
97
94
91
88
85
84
83
83
82
85
13
2
1
0
0
0
0
0
0
0
0
0
2
1
0
0
0
0
0
0
0
179
1
8
97
97
96
96
96
96
95
94
93
91
91
89
89
88
85
81
78
77
66
63
62
56
50
117
112
111
109
107
105
103
100
97
95
91
89
88
86
87
87
91
3
1
1
0
0
0
0
0
0
0
0
0
2
1
0
0
0
0
0
0
0
179
0
4
96
97
95
95
95
94
93
93
91
90
88
86
84
83
80
77
73
73
58
54
47
40
29
122
116
114
110
108
106
104
102
100
97
94
91
89
88
90
91
47
2
0
0
0
0
0
0
0
0
0
0
0
2
1
0
0
0
0
0
0
0
179
178
2
97
97
96
95
94
92
90
89
88
87
85
83
81
79
75
73
74
57
39
35
27
21
19
133
121
115
111
108
107
105
103
101
99
97
94
92
91
93
93
15
3
0
0
0
0
0
0
0
0
0
0
0
2
1
0
0
0
0
0
0
0
179
179
3
98
96
95
95
93
90
87
86
84
83
82
80
77
76
72
69
61
50
40
29
22
14
8
1
122
118
112
110
108
106
104
103
101
99
96
94
94
97
96
9
4
0
0
0
0
0
0
0
0
0
0
0
2
1
0
0
0
0
0
0
0
179
179
3
96
94
94
93
91
88
85
83
81
80
79
76
74
70
65
62
53
44
30
20
12
7
179
162
124
120
114
111
109
107
106
104
103
100
98
97
96
98
98
15
3
0
0
0
0
0
0
0
0
0
0
0
2
1
0
0
0
0
0
0
0
179
0
3
100
91
92
90
89
87
84
81
79
78
75
72
67
66
61
53
52
33
21
15
6
177
165
135
128
124
119
115
111
109
107
105
103
101
98
97
97
98
99
12
0
0
0
0
0
0
0
0
0
0
0
0
2
1
0
0
0
0
0
0
0
179
0
4
49
87
89
87
86
84
82
79
76
73
70
66
62
57
49
50
37
24
15
5
171
161
143
138
132
127
122
118
114
111
109
107
105
102
100
98
97
98
99
0
2
0
0
0
0
0
0
0
0
0
0
0
2
1
0
0
0
0
0
0
0
0
0
4
28
84
85
84
83
81
80
76
73
68
67
60
55
49
46
39
28
18
13
178
166
151
145
139
133
129
125
121
118
114
111
109
107
104
101
99
98
98
98
9
3
0
0
0
0
0
0
0
0
0
0
0
2
1
0
0
0
0
0
0
0
0
0
3
5
81
81
81
79
78
76
74
71
60
55
45
45
41
36
29
22
14
5
171
166
155
147
141
135
132
128
125
122
118
114
111
108
106
103
100
98
98
97
22
4
0
0
0
0
0
0
0
0
0
0
0
2
1
0
0
0
0
0
0
0
0
179
3
4
73
78
78
76
74
74
72
62
54
44
44
38
33
29
24
18
12
3
167
167
154
148
143
138
135
131
128
125
122
118
115
111
108
106
103
99
99
99
27
3
0
0
0
0
0
0
0
0
0
0
0
2
1
0
0
0
0
0
0
0
0
0
0
3
20
76
78
76
72
64
61
49
47
39
32
28
25
22
18
14
10
1
168
167
157
151
146
141
138
135
132
129
125
123
119
115
112
109
105
102
102
100
40
2
0
0
0
0
0
0
0
0
0
0
0
2
1
0
0
0
0
0
0
0
0
0
0
2
0
69
76
68
64
56
48
36
30
23
20
18
18
16
12
10
8
1
167
168
160
155
150
145
141
138
136
134
131
127
125
122
118
113
110
107
106
103
33
1
1
0
0
0
0
0
0
0
0
0
0
2
1
0
0
0
0
0
0
0
0
0
0
1
0
178
58
51
45
31
21
11
15
13
12
12
13
12
10
9
3
179
169
167
163
158
154
150
146
143
141
139
136
133
131
128
124
120
116
112
111
107
0
2
0
0
0
0
0
0
0
0
0
0
0
2
1
0
0
0
0
0
0
0
0
0
0
0
1
2
18
29
19
11
5
3
4
4
4
9
10
10
10
2
1
178
174
168
166
161
158
155
152
148
147
145
143
140
137
135
131
127
124
122
118
116
178
1
0
0
0
0
0
0
0
0
0
0
0
2
1
0
0
0
0
0
0
0
0
0
0
0
0
1
4
11
4
1
176
174
174
175
178
179
0
1
1
0
178
174
169
171
168
163
161
160
158
155
154
153
151
148
145
142
139
134
131
128
124
178
178
179
0
0
0
0
0
0
0
0
0
0
0
2
1
0
0
0
0
0
0
0
0
0
0
0
0
1
4
6
178
177
166
167
167
170
169
173
174
174
175
175
175
167
167
168
167
167
164
164
163
161
160
159
158
157
155
152
147
143
138
134
174
0
179
0
0
0
0
0
0
0
0
0
0
0
0
2
1
0
0
0
0
0
0
0
0
0
0
0
0
0
1
179
173
168
166
166
167
168
170
171
171
171
169
165
168
175
175
173
165
166
169
167
167
167
167
167
169
167
166
161
158
153
144
176
0
0
179
0
0
0
0
0
0
0
0
0
0
0
0
2
1
0
0
0
0
0
0
0
0
0
0
0
0
0
2
178
168
169
166
166
165
167
167
167
169
170
168
166
169
177
175
174
174
172
176
176
175
171
173
171
171
171
171
165
167
161
179
179
179
0
0
0
0
0
0
0
0
0
0
0
0
0
0
2
1
0
0
0
0
0
0
0
0
0
0
0
179
0
179
176
166
168
166
166
166
167
166
167
167
167
166
167
174
175
175
175
177
179
0
179
177
178
179
179
178
178
176
175
168
0
0
179
0
0
0
0
0
0
0
0
0
0
0
0
0
0
0
2
1
0
0
0
0
0
0
0
0
0
0
0
179
0
0
176
167
170
167
168
167
167
167
168
167
166
171
173
175
175
174
177
0
1
1
1
1
3
4
5
4
2
0
178
1
179
179
179
0
0
0
0
0
0
0
0
0
0
0
0
0
0
0
2
1
0
0
0
0
0
0
0
0
0
0
0
179
179
0
175
169
170
169
169
168
168
167
170
169
165
171
177
179
176
176
177
0
5
4
5
6
7
6
6
6
7
0
0
0
0
0
0
0
0
0
0
0
0
0
0
0
0
0
0
0
0
0
2
1
0
0
0
0
0
0
0
0
0
0
0
0
179
1
177
169
170
168
168
167
167
167
170
172
172
175
177
179
176
176
176
0
6
6
7
7
8
9
8
8
6
178
1
0
0
0
0
0
0
0
0
0
0
0
0
0
0
0
0
0
0
0
2
1
0
0
0
0
0
0
0
0
0
0
0
0
179
0
177
168
168
168
168
168
168
167
170
172
168
174
176
176
174
175
178
10
3
5
7
9
10
10
10
8
7
3
1
0
0
0
0
0
0
0
0
0
0
0
0
0
0
0
0
0
0
0
2
1
0
0
0
0
0
0
0
0
0
0
0
0
179
179
0
167
170
169
167
168
169
169
173
174
170
169
176
176
175
176
178
2
4
6
9
10
11
9
8
7
9
2
0
0
0
0
0
0
0
0
0
0
0
0
0
0
0
0
0
0
0
0
2
1
0
0
0
0
0
0
0
0
0
0
0
0
179
179
0
167
169
170
168
166
166
167
172
173
167
171
175
175
175
176
176
0
7
7
9
10
11
10
8
12
2
0
0
0
0
0
0
0
0
0
0
0
0
0
0
0
0
0
0
0
0
0
2
1
0
0
0
0
0
0
0
0
0
0
0
0
0
179
179
0
164
169
168
168
167
168
170
175
174
171
174
175
175
176
176
1
9
7
9
9
11
9
10
3
1
0
0
0
0
0
0
0
0
0
0
0
0
0
0
0
0
0
0
0
0
0
2
1
0
0
0
0
0
0
0
0
0
0
0
0
0
179
179
179
177
168
168
166
170
1
1
177
173
173
174
166
174
172
0
2
5
6
16
14
13
14
3
1
0
0
0
0
0
0
0
0
0
0
0
0
0
0
0
0
0
0
0
0
0
0
2
1
0
0
0
0
0
0
0
0
0
0
0
0
0
0
179
179
179
179
0
0
0
0
178
174
168
169
177
175
175
179
1
1
0
1
2
2
2
1
1
0
0
0
0
0
0
0
0
0
0
0
0
0
0
0
0
0
0
0
0
0
0
0
2
1
0
0
0
0
0
0
0
0
0
0
0
0
0
0
0
179
179
179
179
179
179
0
175
172
174
174
170
164
170
1
0
0
0
0
1
1
1
1
0
0
0
0
0
0
0
0
0
0
0
0
0
0
0
0
0
0
0
0
0
0
0
0
2
1
0
0
0
0
0
0
0
0
0
0
0
0
0
0
0
0
0
0
0
0
179
0
0
178
1
0
177
175
1
0
0
0
0
0
0
0
0
0
0
0
0
0
0
0
0
0
0
0
0
0
0
0
0
0
0
0
0
0
0
0
0
0
2
1
0
0
0
0
0
0
0
0
0
0
0
0
0
0
0
0
0
0
0
0
0
0
0
0
179
179
179
179
0
0
0
0
0
0
0
0
0
0
0
0
0
0
0
0
0
0
0
0
0
0
0
0
0
0
0
0
0
0
0
0
0
0
2
1
0
0
0
0
0
0
0
0
0
0
0
0
0
0
0
0
0
0
0
0
0
0
1
0
0
179
0
0
0
0
0
0
0
0
0
0
0
0
0
0
0
0
0
0
0
0
0
0
0
0
0
0
0
0
0
0
0
0
0
0
1
1
1
1
0
0
0
0
0
0
0
0
0
0
0
0
0
0
0
0
0
0
0
0
0
0
0
0
0
0
0
0
0
0
0
0
0
0
0
0
0
0
0
0
0
0
0
0
0
0
0
0
0
0
0
0
0
0
0
0
0
0
0
0
0
0
1
