1
0
179
0
179
179
179
179
179
179
179
179
179
179
179
179
179
179
179
179
179
179
179
179
179
179
179
179
0
0
0
0
0
179
179
179
179
179
179
179
179
179
179
179
179
179
179
179
179
179
179
179
179
179
179
179
179
179
179
179
0
0
0
1
1
0
179
179
179
179
179
179
179
179
179
179
179
179
179
179
179
179
179
179
179
179
179
179
179
179
179
179
0
0
0
179
179
179
179
179
179
179
179
179
179
179
179
179
179
179
179
179
179
179
179
179
179
179
179
179
179
179
179
179
179
179
0
2
2
0
0
0
0
0
0
0
0
0
0
0
0
0
0
0
0
0
0
0
0
0
0
0
0
0
0
1
2
1
1
1
0
0
0
0
0
0
0
0
0
0
0
0
0
0
0
0
0
0
0
0
0
0
0
0
0
0
0
0
0
0
0
2
1
0
0
0
0
0
0
0
0
0
0
0
0
0
0
0
0
0
0
0
0
0
0
0
0
0
1
3
3
4
3
1
1
0
0
0
0
0
0
0
0
0
0
0
0
0
0
0
0
0
0
0
0
0
0
0
0
0
0
0
0
0
0
2
1
0
0
0
179
179
179
179
179
179
179
179
179
179
179
179
179
179
179
179
179
0
0
0
0
0
2
2
33
32
2
2
3
1
0
0
179
179
179
179
179
179
179
179
179
179
179
179
179
179
179
179
179
179
179
179
179
179
179
0
0
0
0
2
1
0
0
0
179
179
179
179
179
179
179
179
179
179
179
179
179
179
179
179
179
0
179
179
0
2
10
50
44
52
44
1
3
2
179
0
179
179
179
0
0
0
0
0
0
0
179
179
179
179
179
179
179
179
179
179
179
179
179
0
0
0
0
2
1
0
0
0
179
179
179
179
179
179
179
179
179
179
179
179
179
179
179
179
179
179
179
179
0
1
55
42
69
66
59
52
0
2
0
0
0
0
0
1
1
1
1
0
0
0
0
0
179
179
179
179
179
179
179
179
179
179
179
0
0
0
0
2
1
0
0
0
179
179
179
179
179
179
179
179
179
179
179
179
179
179
179
179
179
179
179
179
179
179
43
61
65
91
60
57
1
2
0
0
1
2
3
3
3
3
2
1
1
0
0
0
0
179
179
179
179
179
179
179
179
179
179
0
0
0
0
2
1
0
0
0
179
179
179
179
179
179
179
179
179
179
179
179
179
179
179
179
0
0
179
179
179
0
1
64
63
59
57
49
28
2
0
1
3
5
9
10
12
7
2
2
3
1
0
0
0
0
179
179
179
179
179
179
179
179
179
0
0
0
0
2
1
0
0
0
179
179
179
179
179
179
179
179
179
179
179
179
0
0
0
179
0
0
0
0
179
179
0
0
38
53
42
44
34
2
2
3
6
17
25
26
27
26
9
3
1
1
2
1
0
0
0
179
179
179
179
179
179
179
179
0
0
0
0
2
1
0
0
0
179
179
179
179
179
179
179
179
179
179
0
179
0
179
179
0
0
0
0
0
179
0
1
1
177
177
38
28
2
2
2
3
17
23
26
30
31
32
31
28
8
0
0
2
2
0
0
179
179
179
179
179
179
179
179
0
0
0
0
2
1
0
0
0
179
179
179
179
179
179
179
179
179
0
0
179
179
179
179
0
2
3
3
3
1
0
179
0
1
1
0
0
1
3
3
15
21
25
29
32
35
36
36
37
36
19
4
179
2
1
0
0
179
179
179
179
179
179
179
0
0
0
0
2
1
0
0
0
179
179
179
179
179
179
179
179
179
0
0
179
179
179
1
0
174
132
174
179
1
1
0
179
179
179
179
0
2
1
11
18
22
25
29
34
37
38
39
41
42
41
41
11
0
2
0
0
179
179
179
179
179
179
179
0
0
0
0
2
1
0
0
0
179
179
179
179
179
179
179
179
179
0
179
179
179
178
1
124
124
123
127
164
178
1
1
0
179
179
172
179
2
10
14
18
22
25
29
34
38
41
44
46
48
49
50
51
0
1
0
0
0
179
179
179
179
179
179
0
0
0
0
2
1
0
0
0
179
179
179
179
179
179
179
179
179
179
179
178
178
178
122
121
122
123
126
127
135
177
1
0
0
171
173
177
179
9
14
17
21
26
30
36
40
44
44
46
50
53
50
55
21
1
0
0
0
179
179
179
179
179
179
0
0
0
0
2
1
0
0
0
179
179
179
179
179
179
179
179
179
179
179
179
177
121
119
120
120
122
124
126
127
133
174
178
174
174
167
171
178
8
14
18
23
27
32
37
42
44
46
49
54
50
58
54
55
2
1
0
0
179
179
179
179
179
179
0
0
0
0
2
1
0
0
0
179
179
179
179
179
179
179
179
179
179
179
179
177
118
119
119
120
121
123
125
127
128
133
141
149
162
166
170
177
9
16
20
26
30
35
40
43
46
48
52
52
57
58
55
54
3
1
0
0
179
179
179
179
179
179
0
0
0
0
2
1
0
0
0
179
179
179
179
179
179
179
179
179
179
179
179
177
120
118
118
119
120
122
122
125
127
132
139
149
161
168
168
177
11
17
23
28
34
38
43
45
49
51
53
56
59
60
58
56
1
2
0
0
0
179
179
179
179
179
0
0
0
0
2
1
0
0
0
179
179
179
179
179
179
179
179
179
179
179
179
176
3
116
116
117
118
120
121
123
125
129
135
144
155
163
168
178
8
16
23
30
35
41
45
49
52
52
56
58
59
59
59
57
3
1
2
0
0
179
179
179
179
179
0
0
0
0
2
1
0
0
0
179
179
179
179
179
179
179
179
0
0
0
179
177
178
114
113
114
115
117
118
120
123
127
132
141
152
161
166
176
11
17
25
31
35
41
46
52
52
49
58
59
60
60
60
58
44
0
2
1
0
0
179
179
179
179
0
0
0
0
2
1
0
0
0
179
179
179
179
179
179
179
0
0
0
179
179
0
179
110
109
111
112
113
114
116
120
124
129
138
149
159
169
173
12
19
27
33
37
44
50
56
49
58
59
60
62
62
61
61
62
9
0
2
0
0
179
179
179
179
0
0
0
0
2
1
0
0
0
179
179
179
179
179
179
179
0
0
0
179
0
178
20
107
107
109
109
109
110
111
114
118
124
132
143
154
164
173
13
20
28
36
40
45
51
54
57
59
58
60
61
62
63
63
63
58
2
1
0
0
179
179
179
179
0
0
0
0
2
1
0
0
0
179
179
179
179
179
179
0
0
0
179
179
0
4
104
105
105
107
107
108
108
109
111
115
120
129
138
150
163
175
14
19
29
37
42
48
51
52
58
60
61
62
69
66
63
66
64
65
9
0
1
0
0
179
179
179
0
0
0
0
2
1
0
0
0
179
179
179
179
179
179
0
0
179
179
2
2
101
102
102
105
106
106
107
106
106
107
110
115
123
131
142
154
170
21
28
36
42
47
49
52
57
61
61
67
63
63
63
62
64
68
66
34
1
2
0
0
179
179
179
0
0
0
0
2
1
0
0
0
179
179
179
179
179
179
0
0
179
0
3
51
98
100
100
102
104
104
105
104
105
106
109
113
120
126
136
145
171
29
37
43
50
50
54
57
62
63
65
64
64
64
64
64
63
65
68
68
1
1
2
0
0
179
179
0
0
0
0
2
1
0
0
0
179
179
179
179
179
179
0
179
179
2
4
102
98
98
100
101
101
102
102
102
103
103
106
110
114
118
124
126
20
48
49
46
53
56
59
62
69
64
65
67
68
66
66
65
64
64
68
71
19
1
3
179
0
179
179
0
0
0
0
2
1
0
0
0
179
179
179
179
179
0
0
179
179
3
8
102
98
98
99
100
100
100
101
101
102
102
104
107
110
111
114
107
70
64
59
46
58
60
63
65
65
66
69
72
72
70
69
67
65
64
69
73
82
0
1
0
0
179
179
0
0
0
0
2
1
0
0
0
179
179
179
179
179
0
179
179
179
2
62
102
101
99
99
100
100
99
100
100
100
100
101
104
104
102
103
94
85
81
69
65
69
65
66
68
68
71
73
74
74
74
72
69
67
67
71
76
82
0
1
0
0
179
179
0
0
0
0
2
1
0
0
0
179
179
179
179
179
0
0
179
0
3
103
101
101
100
99
99
99
100
100
100
99
99
100
100
99
98
97
91
83
81
77
74
69
69
70
72
74
76
76
75
76
75
74
71
71
73
75
77
83
38
0
1
0
179
179
0
0
0
0
2
1
0
0
0
179
179
179
179
179
0
179
0
0
4
101
99
99
100
99
99
98
99
98
99
98
98
97
96
95
94
91
86
84
81
79
79
77
76
77
78
78
78
78
77
78
77
76
75
73
74
76
78
83
59
1
0
0
179
179
0
0
0
0
2
1
0
0
0
179
179
179
179
179
179
179
0
1
6
99
98
97
98
99
98
97
97
97
97
96
95
95
94
93
92
90
87
86
83
82
81
81
81
81
82
80
80
79
79
79
79
78
77
73
73
77
78
82
62
0
179
0
179
179
0
0
0
0
2
1
0
0
0
179
179
179
179
179
179
179
179
0
3
98
97
97
97
97
97
96
94
93
94
93
92
91
91
90
89
87
85
84
82
82
83
82
83
83
84
83
83
82
81
81
79
79
78
78
76
78
79
82
42
179
0
0
179
179
0
0
0
0
2
1
0
0
0
179
179
179
179
179
179
179
179
0
4
96
94
95
95
95
95
94
92
91
91
90
88
88
88
87
85
83
83
82
81
81
83
83
86
85
86
86
86
85
83
82
80
80
79
79
78
78
79
83
1
0
0
0
179
179
0
0
0
0
2
1
0
0
0
179
179
179
179
179
179
179
179
1
5
96
91
93
93
93
93
92
91
90
90
89
87
86
85
83
81
80
79
78
79
80
83
85
88
88
88
88
87
87
85
83
81
80
79
79
79
78
79
83
179
0
0
0
179
179
0
0
0
0
2
1
0
0
0
179
179
179
179
179
0
179
179
1
5
104
92
92
93
92
92
91
90
89
89
89
87
86
84
82
80
79
78
77
77
80
84
88
92
92
91
90
90
88
87
85
83
81
79
80
79
80
79
91
0
1
0
0
179
179
0
0
0
0
2
1
0
0
0
179
179
179
179
179
0
0
179
1
7
67
91
91
91
90
90
90
88
88
87
87
86
85
83
81
79
77
76
75
76
79
85
89
93
95
95
93
91
89
88
86
84
82
81
80
80
80
81
49
2
0
0
0
179
179
0
0
0
0
2
1
0
0
0
179
179
179
179
0
0
179
179
2
5
61
91
90
89
88
88
88
86
85
84
84
84
83
81
80
78
75
73
73
75
79
86
92
98
98
97
95
93
91
89
87
85
83
82
81
81
81
83
10
2
179
0
0
179
179
0
0
0
0
2
1
0
0
0
179
179
179
179
0
0
179
179
4
3
94
89
89
87
86
87
86
84
82
82
80
80
79
79
79
76
74
72
73
74
79
88
96
101
100
99
97
95
92
91
88
86
84
82
81
81
81
84
8
1
0
0
179
179
179
0
0
0
0
2
1
0
0
0
179
179
179
179
0
0
179
1
3
102
91
88
86
85
84
84
83
82
81
79
78
77
78
78
76
74
69
67
70
77
82
93
102
104
103
101
98
96
94
91
89
87
84
82
80
80
81
83
24
179
0
0
179
179
179
0
0
0
0
2
1
0
0
0
179
179
179
179
0
179
179
2
2
95
90
88
87
85
84
84
82
81
79
77
75
76
77
76
75
68
64
71
63
70
80
101
106
107
105
103
99
97
94
93
89
87
84
81
79
79
80
83
3
179
0
0
179
179
179
0
0
0
0
2
1
0
0
0
179
179
179
179
179
179
0
2
6
94
88
89
87
87
86
85
83
81
78
76
75
75
76
75
73
68
65
61
62
66
61
112
114
111
108
104
101
98
96
94
91
88
84
81
80
80
80
84
0
0
0
0
179
179
179
0
0
0
0
2
1
0
0
0
179
179
179
179
179
179
179
0
17
92
90
89
89
86
85
84
83
80
77
76
74
75
75
76
74
73
67
63
61
57
36
121
122
116
111
106
102
100
98
96
93
89
85
82
81
81
81
91
179
1
0
0
179
179
179
0
0
0
0
2
1
0
0
0
179
179
179
179
179
179
179
179
1
19
89
90
88
84
82
81
79
77
75
74
72
73
75
76
76
74
65
53
42
35
178
133
129
121
114
108
103
101
99
97
94
91
86
84
83
82
82
43
0
1
0
0
179
179
179
0
0
0
0
2
1
0
0
0
179
179
179
179
179
179
179
179
0
0
9
89
87
83
79
77
75
73
72
71
70
73
75
79
79
79
71
58
41
15
169
138
132
124
118
110
105
102
100
97
95
92
88
86
83
84
83
9
0
0
0
0
179
179
179
0
0
0
0
2
1
0
0
0
179
179
179
179
179
0
179
179
179
178
179
4
87
80
78
76
74
72
70
67
67
71
77
80
86
41
3
4
6
174
143
136
133
126
119
113
108
104
102
99
96
93
90
89
87
85
88
177
0
0
0
179
179
179
179
0
0
0
0
2
1
0
0
0
179
179
179
179
179
0
0
0
179
179
179
179
177
66
78
75
70
69
69
68
69
74
76
66
178
0
2
2
1
1
141
141
133
128
121
116
111
107
104
102
99
96
93
91
90
88
97
179
2
0
0
179
179
179
179
0
0
0
0
2
1
0
0
0
179
179
179
179
179
179
0
0
0
179
0
179
0
177
35
69
65
70
70
69
66
69
31
1
2
1
0
179
0
0
175
138
135
127
124
120
115
112
108
107
105
102
99
97
94
94
17
0
0
0
179
179
179
179
179
0
0
0
0
2
1
0
0
0
179
179
179
179
179
179
179
0
0
0
0
0
179
0
0
179
179
3
45
61
60
2
3
1
1
0
0
179
179
179
179
168
134
131
125
123
121
117
115
113
113
111
108
104
100
101
0
2
179
0
179
179
179
179
179
0
0
0
0
2
1
0
0
0
179
179
179
179
179
179
179
179
179
0
0
0
179
0
1
1
1
2
2
3
1
2
2
1
0
0
0
0
179
179
179
179
168
131
130
128
126
125
125
125
122
121
119
114
46
0
178
0
0
0
179
179
179
179
179
0
0
0
0
2
1
0
0
0
179
179
179
179
179
179
179
179
179
179
0
0
0
0
0
0
0
1
1
1
1
1
0
0
0
179
0
0
0
179
179
0
179
177
165
129
130
129
129
131
131
129
133
176
0
0
0
0
0
0
179
179
179
179
179
0
0
0
0
2
1
0
0
0
179
179
179
179
179
179
179
179
179
179
179
179
0
0
0
0
0
0
0
0
0
0
0
0
179
179
179
0
0
0
179
179
0
0
178
178
177
166
137
137
137
144
175
1
0
0
0
0
179
179
179
179
179
179
179
0
0
0
0
2
1
0
0
0
179
179
179
179
179
179
179
179
179
179
179
179
179
179
179
179
0
0
179
179
179
179
179
179
179
179
179
179
0
0
0
179
179
179
179
179
178
178
179
170
177
0
0
0
0
179
0
179
179
179
179
179
179
179
179
0
0
0
0
2
1
0
0
0
179
179
179
179
179
179
179
179
179
179
179
179
179
179
179
179
179
179
179
179
179
179
179
179
179
179
179
179
179
179
0
0
0
179
179
179
179
179
179
179
179
179
179
0
0
179
179
179
179
179
179
179
179
179
179
0
0
0
0
2
1
0
0
0
179
179
179
179
179
179
179
179
179
179
179
179
179
179
179
179
179
179
179
179
179
179
179
179
179
179
179
179
179
179
179
179
179
179
0
0
179
179
179
179
179
179
179
179
179
179
179
179
179
179
179
179
179
179
179
0
0
0
0
2
1
0
0
0
179
179
179
179
179
179
179
179
179
179
179
179
179
179
179
179
179
179
179
179
179
179
179
179
179
179
179
179
179
179
179
179
179
179
179
0
179
179
179
179
179
0
0
179
179
179
179
179
179
179
179
179
179
179
179
0
0
0
0
2
1
0
0
0
179
179
179
179
179
179
179
179
179
179
179
179
179
179
179
179
179
179
179
179
179
179
179
179
179
179
179
179
179
179
179
179
179
179
179
179
179
179
179
179
179
179
179
179
179
179
179
179
179
179
179
179
179
179
179
0
0
0
0
2
1
0
0
0
179
179
179
179
179
179
179
179
179
179
179
179
179
179
179
179
179
179
179
179
179
179
179
179
179
179
179
179
179
179
179
179
179
179
179
179
179
179
179
179
179
179
179
179
179
179
179
179
179
179
179
179
179
179
179
0
0
0
0
2
1
0
0
0
179
179
179
179
179
179
179
179
179
179
179
179
179
179
179
179
179
179
179
179
179
179
179
179
179
179
179
179
179
179
179
179
179
179
179
179
179
179
179
179
179
179
179
179
179
179
179
179
179
179
179
179
179
179
179
0
0
0
0
2
1
0
0
0
179
179
179
179
179
179
179
179
179
179
179
179
179
179
179
179
179
179
179
179
179
179
179
179
179
179
179
179
179
179
179
179
179
179
179
179
179
179
179
179
179
179
179
179
179
179
179
179
179
179
179
179
179
179
179
0
0
0
0
2
1
0
0
0
179
179
179
179
179
179
179
179
179
179
179
179
179
179
179
179
179
179
179
179
179
179
179
179
179
179
179
179
179
179
179
179
179
179
179
179
179
179
179
179
179
179
179
179
179
179
179
179
179
179
179
179
179
179
179
0
0
0
0
2
2
0
0
0
0
0
0
0
0
0
0
0
0
0
0
0
0
0
0
0
0
0
0
0
0
0
0
0
0
0
0
0
0
0
0
0
0
0
0
0
0
0
0
0
0
0
0
0
0
0
0
0
0
0
0
0
0
0
0
0
0
0
0
2
2
0
0
0
0
0
0
0
0
0
0
0
0
0
0
0
0
0
0
0
0
0
0
0
0
0
0
0
0
0
0
0
0
0
0
0
0
0
0
0
0
0
0
0
0
0
0
0
0
0
0
0
0
0
0
0
0
0
0
0
0
0
0
2
1
0
0
0
0
0
0
0
0
0
0
0
0
0
0
0
0
0
0
0
0
0
0
0
0
0
0
0
0
0
0
0
0
0
0
0
0
0
0
0
0
0
0
0
0
0
0
0
0
0
0
0
0
0
0
0
0
0
0
0
0
1
1
2
1
0
0
0
0
0
0
0
0
0
0
0
0
0
0
0
0
0
0
0
0
0
0
0
0
0
0
0
0
0
0
0
0
0
0
0
0
0
0
0
0
0
0
0
0
0
0
0
0
0
0
0
0
0
0
0
0
0
0
0
0
1
0
2
