0
0
179
179
179
179
179
179
179
179
179
179
179
179
179
179
179
179
179
179
179
179
179
0
1
2
2
2
2
2
1
2
2
1
2
2
2
1
1
1
1
1
1
0
0
179
179
179
179
179
179
179
179
179
179
179
179
179
179
179
179
0
0
0
1
0
179
179
179
179
179
179
179
179
179
179
179
179
179
179
179
179
179
179
179
179
179
0
1
3
3
4
4
4
4
4
4
4
4
4
4
4
3
3
3
4
3
2
0
0
0
179
179
179
179
179
179
179
179
179
179
179
179
179
179
179
0
2
1
0
0
0
0
0
0
0
0
0
0
0
0
0
0
0
0
0
0
0
0
0
0
1
3
6
11
12
12
12
14
13
13
13
13
15
13
13
9
10
9
6
2
2
2
1
0
0
0
0
0
0
0
0
0
0
0
0
0
0
0
0
0
1
1
0
0
0
0
0
0
0
0
0
0
0
0
0
0
0
0
0
0
0
0
0
0
2
5
11
12
15
15
15
18
18
19
20
19
21
18
19
24
27
28
28
9
2
1
2
1
0
0
0
0
0
0
0
0
0
0
0
0
0
0
0
0
2
1
0
0
0
0
0
0
0
0
0
0
0
0
0
0
0
0
0
0
0
0
0
0
1
4
10
12
15
17
18
20
20
20
22
21
22
22
22
26
30
33
35
33
11
0
1
2
0
0
0
0
0
0
0
0
0
0
0
0
0
0
0
0
2
1
0
0
0
0
0
0
0
0
0
0
0
0
0
0
0
0
0
0
0
0
0
0
0
3
10
11
15
18
20
21
22
23
24
24
25
24
26
29
32
34
36
35
33
16
0
1
1
0
0
0
0
0
0
0
0
0
0
0
0
0
0
0
2
1
0
0
0
0
0
0
0
0
0
0
0
0
0
0
0
0
0
0
0
0
0
0
1
2
10
11
13
17
20
22
23
24
25
26
26
27
28
30
33
35
37
37
35
34
14
179
2
1
0
0
0
0
0
0
0
0
0
0
0
0
0
0
2
1
0
0
0
0
0
0
0
0
0
0
0
0
0
0
0
0
0
0
0
0
0
1
175
179
11
11
14
16
20
21
22
23
25
26
26
27
29
29
31
32
33
36
36
36
32
2
0
1
0
0
0
0
0
0
0
0
0
0
0
0
0
0
2
1
0
0
0
0
0
0
0
0
0
0
0
0
0
0
0
0
0
0
0
0
0
1
177
179
4
9
13
16
20
21
23
23
25
25
26
27
28
29
30
31
32
35
36
37
36
29
179
1
0
0
0
0
0
0
0
0
0
0
0
0
0
0
2
1
0
0
0
0
0
0
0
0
0
0
0
0
0
0
0
0
0
0
0
179
179
1
175
178
4
9
14
16
19
21
22
23
24
26
27
28
29
30
30
31
31
33
35
38
38
38
2
1
1
0
0
0
0
0
0
0
0
0
0
0
0
0
2
1
0
0
0
0
0
0
0
0
0
0
0
0
0
0
0
0
0
0
0
179
179
1
179
177
4
8
12
14
17
20
22
23
24
25
26
28
30
31
32
33
33
35
37
38
39
40
28
179
1
0
0
0
0
0
0
0
0
0
0
0
0
0
2
1
0
0
0
0
0
0
0
0
0
0
0
0
0
0
0
0
0
0
0
179
179
0
179
0
7
5
9
12
16
19
21
22
22
24
25
27
30
32
34
36
36
37
38
39
39
40
37
179
0
0
0
0
0
0
0
0
0
0
0
0
0
0
2
1
0
0
0
0
0
0
0
0
0
0
0
0
0
0
0
0
0
0
0
0
179
0
1
1
4
7
7
10
14
17
20
21
22
24
25
28
31
34
36
38
38
39
39
40
39
39
42
6
0
0
0
0
0
0
0
0
0
0
0
0
0
0
2
1
0
0
0
0
0
0
0
0
0
0
0
0
0
0
0
0
0
0
0
0
0
0
0
4
10
6
5
7
11
15
18
20
22
24
26
28
31
34
37
38
39
39
39
41
40
41
42
41
0
0
0
0
0
0
0
0
0
0
0
0
0
0
2
1
0
0
0
0
0
0
0
0
0
0
0
0
0
0
0
0
0
0
0
0
0
0
0
1
3
9
8
7
9
13
17
20
22
24
26
28
31
34
36
38
38
38
39
39
41
41
42
43
1
0
0
0
0
0
0
0
0
0
0
0
0
0
2
1
0
0
0
0
0
0
0
0
0
0
0
0
0
0
0
0
0
0
0
0
0
0
0
1
3
9
7
7
9
12
17
20
23
26
28
29
32
34
35
37
37
36
37
38
39
43
43
49
2
0
0
0
0
0
0
0
0
0
0
0
0
0
2
1
0
0
0
0
0
0
0
0
0
0
0
0
0
0
0
0
0
0
0
0
0
0
0
2
5
11
5
9
11
14
18
21
25
27
29
31
32
34
35
36
36
37
37
38
40
46
48
42
1
0
0
0
0
0
0
0
0
0
0
0
0
0
2
1
0
0
0
0
0
0
0
0
0
0
0
0
0
0
0
0
0
0
0
0
0
0
0
1
5
10
7
11
12
15
18
21
25
28
31
32
33
34
35
36
37
37
38
37
40
44
48
44
1
1
1
0
0
0
0
0
0
0
0
0
0
0
2
1
0
0
0
0
0
0
0
0
0
0
0
0
0
0
0
0
0
0
0
0
0
0
0
1
6
11
7
10
12
14
17
20
24
28
31
33
34
34
35
36
37
39
41
39
40
43
45
46
22
0
1
0
0
0
0
0
0
0
0
0
0
0
2
1
0
0
0
0
0
0
0
0
0
0
0
0
0
0
0
0
0
0
0
0
0
0
0
1
7
11
7
10
11
13
16
21
25
28
32
34
34
34
35
36
38
40
43
43
43
43
43
43
51
179
0
0
0
0
0
0
0
0
0
0
0
0
2
1
0
0
0
0
0
0
0
0
0
0
0
0
0
0
0
0
0
0
0
0
0
0
0
1
7
11
6
9
11
13
15
19
24
29
33
35
35
35
35
37
38
40
44
45
46
45
45
45
52
1
1
0
0
0
0
0
0
0
0
0
0
0
2
1
0
0
0
0
0
0
0
0
0
0
0
0
0
179
179
0
0
0
0
0
0
0
0
1
6
9
6
8
10
12
15
19
24
29
33
35
36
36
37
37
39
43
46
47
46
45
45
46
51
2
1
0
0
0
0
0
0
0
0
0
0
0
2
1
0
0
0
0
0
0
0
0
0
0
0
0
179
179
0
0
2
1
2
1
0
0
0
1
4
10
6
7
10
13
16
20
24
30
34
35
36
37
38
38
40
43
46
47
47
48
49
49
51
7
1
0
0
0
0
0
0
0
0
0
0
0
2
1
0
0
0
0
0
0
0
0
0
0
0
179
179
1
2
0
0
1
3
3
3
1
0
1
3
12
7
7
9
12
16
20
25
29
33
35
36
37
38
39
41
44
47
50
53
53
51
49
52
15
2
0
0
0
0
0
0
0
0
0
0
0
2
1
0
0
0
0
0
0
0
0
0
179
179
0
1
178
175
125
121
125
178
179
3
3
0
1
2
6
10
8
10
13
17
21
26
29
33
35
37
37
39
40
42
45
48
51
53
53
52
49
54
21
2
179
0
0
0
0
0
0
0
0
0
0
2
1
0
0
0
0
0
0
0
0
179
179
1
178
176
123
122
121
118
118
120
5
2
1
179
0
1
3
7
11
11
12
16
21
26
29
32
35
38
39
41
42
44
48
50
51
50
49
48
48
53
15
3
0
0
0
0
0
0
0
0
0
0
0
2
1
0
0
0
0
0
0
0
179
179
0
178
124
121
120
119
119
118
119
119
118
2
2
0
0
1
1
6
6
14
10
16
21
26
30
34
36
39
41
42
43
44
46
48
49
50
49
50
48
53
18
2
179
0
0
0
0
0
0
0
0
0
0
2
1
0
0
0
0
0
0
179
178
178
178
122
118
119
120
119
121
120
122
123
125
176
1
0
0
0
1
1
3
4
9
14
20
26
32
36
39
42
43
45
46
46
46
48
49
50
51
52
47
53
21
2
0
0
0
0
0
0
0
0
0
0
0
2
1
0
0
0
0
0
0
179
178
177
4
118
118
119
120
121
123
123
124
125
123
171
1
1
1
0
0
0
2
3
10
14
22
29
34
41
43
45
47
47
48
48
49
50
50
51
52
53
51
55
31
1
179
0
0
0
0
0
0
0
0
0
0
2
1
0
0
0
0
0
179
178
177
178
117
118
119
121
122
124
126
125
127
128
129
128
177
2
3
2
179
0
0
1
4
17
22
31
36
44
47
47
49
52
52
51
51
53
51
50
51
50
48
54
48
1
179
0
0
0
0
0
0
0
0
0
0
2
1
0
0
0
0
0
178
177
177
117
117
117
119
121
122
123
124
125
127
128
128
129
129
176
3
3
3
0
0
1
2
4
28
37
45
47
48
50
53
56
57
57
51
51
51
52
53
51
51
57
57
0
179
0
0
0
0
0
0
0
0
0
0
2
1
0
0
0
0
179
178
176
11
115
114
116
118
120
122
123
124
125
125
126
125
124
123
122
174
2
4
3
0
0
1
3
10
40
48
49
53
58
60
61
62
61
59
57
50
50
52
48
56
58
58
2
0
0
0
0
0
0
0
0
0
0
0
2
1
0
0
0
0
179
177
178
114
113
112
113
114
116
117
117
119
120
121
121
121
120
118
115
113
177
2
3
2
0
1
2
4
41
56
57
61
63
65
63
62
66
62
59
57
57
57
55
58
60
62
1
0
0
0
0
0
0
0
0
0
0
0
2
1
0
0
0
0
179
178
179
110
110
110
110
111
111
112
113
113
114
116
117
118
116
115
111
108
102
5
2
3
0
0
1
2
57
64
75
67
68
68
66
65
65
64
66
62
61
58
57
58
60
60
2
0
0
0
0
0
0
0
0
0
0
0
2
1
0
0
0
0
179
179
1
107
106
107
107
107
107
107
107
108
108
109
111
112
111
109
106
99
92
76
2
1
1
0
2
4
85
75
72
74
77
75
74
70
68
66
64
64
65
69
60
60
62
61
1
179
0
0
0
0
0
0
0
0
0
0
2
1
0
0
0
0
179
1
2
104
104
104
104
104
103
104
104
103
104
105
106
106
106
103
97
90
83
77
39
1
2
1
2
3
90
86
85
83
82
80
78
75
73
69
66
66
65
65
64
62
63
61
1
179
0
0
0
0
0
0
0
0
0
0
2
1
0
0
0
0
179
3
8
102
102
101
101
101
100
100
100
99
99
100
100
99
97
94
89
81
73
69
52
5
2
178
0
3
99
93
92
90
87
84
82
78
76
74
71
69
67
66
64
63
65
62
2
0
0
0
0
0
0
0
0
0
0
0
2
1
0
0
0
179
179
4
24
99
99
99
98
98
98
97
96
95
95
95
94
93
90
87
80
71
68
59
47
27
179
175
178
16
106
102
99
96
92
89
85
82
79
76
74
73
69
67
65
67
65
31
2
0
0
0
0
0
0
0
0
0
0
0
2
1
0
0
0
179
179
4
34
97
98
97
97
96
95
94
92
91
91
91
89
88
84
79
73
69
58
46
41
31
7
174
171
119
113
107
104
100
95
92
88
84
82
78
76
74
71
68
66
66
74
2
2
0
0
0
0
0
0
0
0
0
0
0
2
1
0
0
0
179
179
4
27
95
96
96
95
94
92
90
88
87
86
86
85
83
79
74
70
63
54
45
39
29
22
179
141
126
118
113
108
104
99
94
90
87
84
81
78
76
74
71
70
71
71
1
2
0
0
0
0
0
0
0
0
0
0
0
2
1
0
0
0
0
0
4
27
93
95
95
94
92
90
87
85
83
83
83
82
80
76
73
69
58
43
42
36
27
19
175
152
133
125
119
113
107
102
97
92
89
86
84
81
78
77
75
75
77
77
0
0
0
0
0
0
0
0
0
0
0
0
0
2
1
0
0
0
0
1
4
45
91
92
93
92
92
90
87
84
83
82
81
81
79
77
73
66
56
43
40
33
25
18
174
162
141
131
124
119
111
105
100
95
92
89
87
84
82
80
77
79
79
83
0
179
0
0
0
0
0
0
0
0
0
0
0
2
1
0
0
0
0
1
2
53
89
91
90
90
90
89
87
85
83
83
82
81
80
77
74
64
51
41
38
31
23
15
179
163
146
136
129
123
116
108
104
99
96
92
90
88
86
84
81
81
81
85
179
179
0
0
0
0
0
0
0
0
0
0
0
2
1
0
0
0
0
0
3
53
88
88
88
88
88
87
86
85
84
83
82
81
80
78
67
59
48
39
34
28
19
10
0
167
150
140
133
126
120
113
107
103
99
96
93
91
89
88
86
84
84
87
2
179
0
0
0
0
0
0
0
0
0
0
0
2
1
0
0
0
0
0
4
22
87
88
86
85
85
85
84
84
83
83
81
81
78
75
65
56
40
37
32
25
16
8
1
168
154
143
136
129
123
117
111
106
102
99
96
94
93
92
91
89
87
88
5
179
0
0
0
0
0
0
0
0
0
0
0
2
1
0
0
0
0
179
1
1
88
89
86
83
83
83
83
82
81
80
80
79
76
69
63
49
38
36
31
24
15
7
0
168
158
148
139
133
127
122
116
111
106
103
100
97
96
96
95
92
90
92
0
179
0
0
0
0
0
0
0
0
0
0
0
2
1
0
0
0
0
179
179
179
64
89
86
81
80
80
81
81
79
78
76
76
67
63
54
43
38
35
30
24
15
8
0
167
160
151
143
137
130
126
122
117
112
108
105
102
100
99
98
96
93
95
177
179
0
0
0
0
0
0
0
0
0
0
0
2
1
0
0
0
0
0
0
1
0
179
0
0
4
61
84
79
79
77
70
65
61
54
47
43
39
35
30
24
15
9
0
170
162
155
147
140
134
130
126
122
119
115
110
107
105
104
102
100
96
98
177
0
0
0
0
0
0
0
0
0
0
0
0
2
1
0
0
0
0
0
179
0
1
0
1
1
0
178
0
59
64
64
66
61
54
44
44
42
39
35
30
24
16
10
0
172
166
158
152
144
138
134
131
128
125
121
117
113
110
108
108
105
102
3
0
0
0
0
0
0
0
0
0
0
0
0
0
2
1
0
0
0
0
0
0
0
0
0
0
0
0
2
3
8
56
58
57
46
43
44
43
41
38
35
29
23
16
12
1
172
169
163
156
149
143
138
135
133
130
127
123
119
117
115
116
112
13
0
179
0
0
0
0
0
0
0
0
0
0
0
0
2
1
0
0
0
0
0
0
0
0
0
0
0
1
2
3
34
49
52
48
45
42
41
40
39
36
31
27
22
13
12
1
169
171
166
159
154
147
143
140
137
135
131
128
124
124
178
1
177
177
179
179
0
0
0
0
0
0
0
0
0
0
0
0
2
1
0
0
0
0
0
0
0
0
0
0
0
1
3
5
47
46
47
45
43
42
40
38
37
35
30
25
17
11
4
1
175
169
167
160
156
152
148
144
142
140
136
132
127
175
177
176
178
179
179
0
0
0
0
0
0
0
0
0
0
0
0
0
2
1
0
0
0
0
0
0
0
0
0
0
0
2
2
32
38
43
42
43
42
41
38
35
33
31
26
22
15
8
10
0
176
170
168
163
160
157
154
150
149
146
141
136
175
179
179
179
0
0
0
0
0
0
0
0
0
0
0
0
0
0
0
0
2
1
0
0
0
0
0
0
0
0
0
0
0
1
3
38
40
41
42
40
39
37
34
31
29
26
23
18
13
7
7
179
175
169
168
165
162
160
158
157
153
152
146
168
1
0
0
0
0
0
0
0
0
0
0
0
0
0
0
0
0
0
0
0
2
1
0
0
0
0
0
0
0
0
0
0
179
0
1
35
37
37
38
36
35
33
31
28
25
22
19
16
11
6
6
179
175
168
166
165
164
163
162
161
159
157
154
1
0
0
0
0
0
0
0
0
0
0
0
0
0
0
0
0
0
0
0
0
2
1
0
0
0
0
0
0
0
0
0
0
0
0
1
25
30
35
34
33
32
31
27
24
21
18
15
14
10
6
3
0
174
167
167
166
166
166
165
165
164
165
1
0
0
0
0
0
0
0
0
0
0
0
0
0
0
0
0
0
0
0
0
0
2
1
0
0
0
0
0
0
0
0
0
0
0
0
2
4
25
27
28
27
25
23
20
18
15
14
12
11
8
6
4
1
176
164
165
167
167
168
166
170
169
178
0
0
0
0
0
0
0
0
0
0
0
0
0
0
0
0
0
0
0
0
0
0
2
1
0
0
0
0
0
0
0
0
0
0
0
0
1
3
14
20
18
17
16
15
15
12
11
10
9
7
6
3
2
1
179
174
171
167
167
167
168
171
176
178
179
179
0
0
0
0
0
0
0
0
0
0
0
0
0
0
0
0
0
0
0
0
2
1
0
0
0
0
0
0
0
0
0
0
0
0
0
2
7
13
10
9
8
8
9
8
7
6
5
4
4
3
7
2
0
177
174
169
169
170
168
178
175
175
0
0
0
0
0
0
0
0
0
0
0
0
0
0
0
0
0
0
0
0
0
0
2
1
0
0
0
0
0
0
0
0
0
0
0
0
0
0
2
4
12
8
6
4
4
4
4
4
5
6
2
3
2
2
1
177
175
168
171
169
167
173
175
1
0
0
0
0
0
0
0
0
0
0
0
0
0
0
0
0
0
0
0
0
0
0
2
1
0
0
0
0
0
0
0
0
0
0
0
0
0
0
0
2
2
2
8
7
9
9
10
4
3
3
2
1
2
2
2
1
0
0
178
177
178
179
1
0
0
0
0
0
0
0
0
0
0
0
0
0
0
0
0
0
0
0
0
0
0
0
2
1
0
0
0
0
0
0
0
0
0
0
0
0
0
0
0
1
0
1
0
0
0
0
0
0
0
0
179
0
0
0
0
0
179
179
179
179
0
0
0
0
0
0
0
0
0
0
0
0
0
0
0
0
0
0
0
0
0
0
0
0
0
0
2
1
0
0
0
0
0
0
0
0
0
0
0
0
0
0
1
1
0
0
0
0
0
0
0
0
0
0
0
0
0
0
0
0
0
179
179
179
0
0
0
0
0
0
0
0
0
0
0
0
0
0
0
0
0
0
0
0
0
0
0
0
1
1
1
1
0
0
0
0
0
0
0
0
0
0
0
0
0
0
0
0
0
0
0
0
0
0
0
0
0
0
0
0
0
0
0
0
0
0
0
0
0
0
0
0
0
0
0
0
0
0
0
0
0
0
0
0
0
0
0
0
0
0
0
0
0
0
1
