1
0
179
0
179
179
179
179
179
179
179
179
179
179
179
179
179
179
179
179
179
179
179
179
179
179
179
179
179
179
179
179
179
179
179
0
0
179
179
179
179
179
179
179
179
179
179
179
179
179
179
179
179
179
179
179
179
179
179
179
179
0
0
1
1
0
179
179
179
179
179
179
179
179
179
179
179
179
179
179
179
179
179
179
179
179
179
179
179
179
179
179
179
179
168
170
167
179
179
179
179
179
179
179
179
179
179
179
179
179
179
179
179
179
179
179
179
179
179
179
179
179
179
179
179
179
0
2
2
0
0
0
0
0
0
0
0
0
0
0
0
0
0
0
0
0
0
0
0
0
0
179
179
179
179
179
179
168
167
171
171
167
179
0
0
0
0
0
0
0
0
0
0
0
0
0
0
0
0
0
0
0
0
0
0
0
0
0
0
0
0
2
1
0
0
0
0
0
0
0
0
0
0
0
0
0
0
0
0
0
0
0
0
179
179
179
179
170
174
175
176
0
160
157
163
165
179
179
0
179
0
0
0
0
0
0
0
0
0
0
0
0
0
0
0
0
0
0
0
0
0
0
0
0
0
2
1
0
0
0
179
179
179
179
179
179
179
179
179
179
179
179
179
179
0
0
0
179
0
168
171
171
172
168
179
171
152
156
159
161
164
177
179
179
179
0
0
179
179
179
179
179
179
179
179
179
179
179
179
179
179
179
179
179
179
0
0
0
0
2
1
0
0
0
179
179
179
179
179
179
179
179
179
179
179
179
179
0
0
179
179
179
1
1
178
176
174
172
150
147
151
153
159
162
165
166
0
179
179
179
0
0
179
179
179
179
179
179
179
179
179
179
179
179
179
179
179
179
179
0
0
0
0
2
1
0
0
0
179
179
179
179
179
179
179
179
179
179
179
0
0
0
179
179
179
0
1
170
166
138
139
139
139
143
148
151
153
159
164
166
164
179
179
0
0
0
0
179
179
179
179
179
179
179
179
179
179
179
179
179
179
179
179
0
0
0
0
2
1
0
0
0
179
179
179
179
179
179
179
179
179
0
0
0
0
179
179
0
0
177
131
128
131
132
135
135
138
141
146
149
153
158
162
165
163
177
0
0
0
0
0
179
179
179
179
179
179
179
179
179
179
179
179
179
179
179
179
0
0
0
0
2
1
0
0
0
179
179
179
179
179
179
179
179
179
0
0
0
179
179
0
1
178
125
125
125
126
127
131
133
136
140
144
149
154
159
162
163
172
177
0
0
0
0
0
179
179
179
179
179
179
179
179
179
179
179
179
179
179
179
179
0
0
0
0
2
1
0
0
0
179
179
179
179
179
179
179
179
0
0
0
179
178
0
179
176
122
121
121
121
122
124
128
130
134
137
143
149
152
156
157
174
176
1
4
1
0
0
0
0
179
179
179
179
179
179
179
179
179
179
179
179
179
179
179
0
0
0
0
2
1
0
0
0
179
179
179
179
179
179
179
179
0
0
179
179
179
177
179
120
120
120
120
120
121
123
127
130
134
139
149
175
174
170
168
0
2
5
9
3
0
0
0
0
0
179
179
179
179
179
179
179
179
179
179
179
179
179
179
0
0
0
0
2
1
0
0
0
179
179
179
179
179
179
179
179
0
179
179
178
176
3
120
120
119
118
118
118
118
120
124
127
131
175
179
178
179
179
179
1
5
8
4
5
1
0
0
0
0
0
179
179
179
179
179
179
179
179
179
179
179
179
179
0
0
0
0
2
1
0
0
0
179
179
179
179
179
179
179
0
0
179
179
177
177
119
118
117
117
117
116
115
115
117
120
123
128
0
1
179
179
0
179
5
10
7
6
7
2
1
1
0
0
0
0
0
179
179
179
179
179
179
179
179
179
179
179
0
0
0
0
2
1
0
0
0
179
179
179
179
179
179
179
0
179
179
179
176
2
119
118
116
115
115
113
114
113
114
117
120
124
0
2
1
0
0
1
0
6
12
6
10
2
2
3
2
1
0
0
0
0
179
179
179
179
179
179
179
179
179
179
0
0
0
0
2
1
0
0
0
179
179
179
179
179
179
179
0
0
179
178
177
121
117
115
115
114
114
113
113
112
112
114
116
117
2
3
1
0
0
0
1
2
5
7
11
5
5
3
2
2
1
0
0
0
179
179
179
179
179
179
179
179
179
179
0
0
0
0
2
1
0
0
0
179
179
179
179
179
179
179
0
179
179
177
178
116
115
114
114
113
113
112
112
112
112
114
115
118
119
2
0
0
0
0
0
1
2
4
12
17
15
16
4
0
2
1
0
0
179
179
179
179
179
0
0
0
179
179
0
0
0
0
2
1
0
0
0
179
179
179
179
179
179
179
0
179
179
178
178
114
114
113
113
113
112
112
112
112
111
111
112
114
114
1
1
0
0
0
0
0
5
9
16
17
16
18
20
4
0
2
0
0
179
179
0
0
0
0
0
0
179
179
0
0
0
0
2
1
0
0
0
179
179
179
179
179
179
179
179
179
179
177
179
111
110
111
111
112
111
112
112
113
112
112
113
113
1
0
0
0
179
179
179
1
9
8
13
15
17
20
25
29
6
1
1
179
0
0
1
1
0
0
0
0
0
179
0
0
0
0
2
1
0
0
0
179
179
179
179
179
179
179
179
179
179
178
178
109
109
110
111
111
111
113
113
114
113
113
113
119
1
0
0
0
179
179
0
0
7
8
14
15
17
22
26
29
31
0
1
0
1
2
3
2
1
0
0
0
0
179
0
0
0
0
2
1
0
0
0
179
179
179
179
179
179
179
179
179
179
177
178
106
107
109
110
112
112
115
116
119
120
118
6
177
179
179
0
0
179
0
0
0
4
17
16
15
20
24
27
30
35
0
1
1
2
3
4
6
3
0
0
179
0
179
0
0
0
0
2
1
0
0
0
179
179
179
179
179
179
179
179
179
179
178
178
11
106
110
111
113
115
116
120
126
175
177
178
179
179
0
0
0
0
0
179
1
1
3
16
16
19
24
28
29
34
6
0
1
1
5
4
6
6
1
0
179
0
0
0
0
0
0
2
1
0
0
0
179
179
179
179
179
179
179
179
179
179
179
178
176
110
110
114
116
117
178
179
178
178
179
0
0
179
0
0
179
0
0
179
0
2
3
14
18
20
25
29
32
37
33
2
1
8
9
8
8
6
4
0
179
0
0
0
0
0
0
2
1
0
0
0
179
179
179
179
179
179
179
179
0
0
179
177
177
174
115
116
120
179
179
179
179
0
179
179
0
0
0
179
179
0
0
179
0
1
2
5
17
20
24
30
34
39
39
12
14
17
11
12
8
2
7
0
0
0
0
0
0
0
0
2
1
0
0
0
179
179
179
179
179
179
179
179
0
0
179
179
178
179
179
179
178
179
0
0
179
179
179
0
0
179
179
179
179
179
179
0
0
0
2
3
21
23
26
34
37
41
42
37
38
25
16
10
8
175
2
0
0
179
0
0
0
0
0
2
1
0
0
0
179
179
179
179
179
179
179
179
179
0
0
179
179
0
0
0
0
0
0
179
179
179
179
179
179
179
179
179
179
179
179
0
0
0
1
2
9
24
30
36
40
42
43
43
39
37
10
10
5
3
1
0
0
179
0
0
0
0
0
2
1
0
0
0
179
179
179
179
179
179
179
179
179
179
0
0
0
179
179
0
179
179
0
0
0
179
179
179
179
179
179
179
179
179
179
179
0
0
0
2
2
29
36
41
43
44
46
44
41
4
4
1
2
1
0
0
0
179
179
0
0
0
0
2
1
0
0
0
179
179
179
179
179
179
179
179
179
179
179
0
0
0
0
0
179
0
0
179
179
179
179
179
179
179
179
179
179
179
179
179
0
0
0
3
0
34
40
46
46
47
48
49
45
3
3
2
1
0
0
0
0
179
179
0
0
0
0
2
1
0
0
0
179
179
179
179
179
179
179
179
179
179
179
179
179
179
179
179
179
179
179
179
179
179
179
179
179
179
179
179
179
179
179
179
0
1
3
3
1
39
43
45
47
47
48
50
47
5
3
2
0
0
0
0
179
179
179
0
0
0
0
2
1
0
0
0
179
179
179
179
179
179
179
179
179
179
179
179
179
179
179
179
179
179
179
179
179
179
179
179
179
179
179
0
0
0
0
1
2
4
3
4
50
41
48
45
47
46
45
45
44
36
1
1
0
179
179
179
179
179
179
0
0
0
0
2
1
0
0
0
179
179
179
179
179
179
179
179
179
179
179
179
179
179
179
179
179
179
179
179
179
179
179
179
0
0
0
0
0
1
3
4
4
5
12
53
43
47
48
46
47
46
45
43
41
39
1
0
0
0
179
179
179
179
179
0
0
0
0
2
1
0
0
0
179
179
179
179
179
179
179
179
179
179
179
179
179
179
179
179
179
179
179
179
179
179
179
0
0
0
0
0
2
4
2
5
33
59
57
52
48
46
46
46
45
43
43
40
38
40
9
0
0
0
179
179
179
179
179
0
0
0
0
2
1
0
0
0
179
179
179
179
179
179
179
179
179
179
179
179
179
179
179
179
179
179
0
0
179
179
0
0
0
0
1
2
2
0
28
57
53
59
56
50
54
45
46
45
45
43
41
40
35
35
21
1
1
0
0
179
179
179
179
0
0
0
0
2
1
0
0
0
179
179
179
179
179
179
179
0
0
0
179
179
179
167
167
0
0
0
0
0
0
0
0
0
0
1
3
179
179
55
56
61
61
57
55
50
50
45
44
41
41
38
38
37
33
32
23
2
0
0
0
179
179
179
179
0
0
0
0
2
1
0
0
0
179
179
179
179
179
179
0
0
0
0
179
179
1
2
2
2
3
4
4
3
1
0
0
0
1
3
178
9
72
63
64
62
59
57
49
50
48
44
42
39
40
37
37
37
34
34
29
2
0
0
0
179
179
179
179
0
0
0
0
2
1
0
0
0
179
179
179
179
179
179
0
0
0
179
179
0
1
173
171
172
177
177
0
3
5
4
3
3
1
0
39
78
65
67
70
61
58
53
50
48
47
43
41
38
37
36
35
36
34
35
34
2
0
0
0
179
179
179
179
0
0
0
0
2
1
0
0
0
179
179
179
179
179
179
0
179
179
178
179
178
176
122
119
117
113
114
17
178
177
2
2
0
2
64
77
67
65
67
61
58
50
53
48
46
44
41
40
37
36
34
33
34
32
32
31
2
0
0
0
179
179
179
179
0
0
0
0
2
1
0
0
0
179
179
179
179
179
179
0
179
179
179
177
175
124
122
120
118
115
112
110
110
112
54
34
99
89
79
72
64
64
61
58
50
54
49
47
44
42
39
37
34
32
31
30
32
31
32
31
1
0
0
0
179
179
179
179
0
0
0
0
2
1
0
0
0
179
179
179
179
179
179
179
179
179
178
0
120
121
119
118
117
114
112
111
110
109
108
105
97
87
78
66
66
61
57
55
55
50
46
44
42
38
36
34
33
31
29
27
28
26
28
21
1
0
0
0
179
179
179
179
0
0
0
0
2
1
0
0
0
179
179
179
179
179
179
179
179
179
178
0
123
123
123
123
121
118
114
111
110
109
107
104
99
89
79
69
60
51
55
52
48
45
43
39
37
34
32
31
30
28
26
23
24
21
22
15
2
0
0
0
179
179
179
179
0
0
0
0
2
1
0
0
0
179
179
179
179
179
179
179
179
179
177
1
125
129
128
128
125
121
117
115
113
111
110
108
104
96
86
65
52
47
47
43
41
39
37
35
32
31
29
28
26
25
23
21
20
18
17
3
1
0
0
179
179
179
179
179
0
0
0
0
2
1
0
0
0
179
179
179
179
179
179
179
179
179
179
1
164
136
136
133
131
126
121
118
116
115
114
112
110
107
72
56
40
38
37
34
32
31
31
30
28
25
24
24
24
22
21
17
15
13
16
3
1
0
0
179
179
179
179
179
0
0
0
0
2
1
0
0
0
179
179
179
179
179
179
179
179
179
179
171
179
148
146
142
136
130
124
120
119
119
119
120
119
124
39
35
28
28
26
25
25
25
25
23
21
18
20
21
21
19
17
14
12
11
19
2
1
0
0
0
179
179
179
179
0
0
0
0
2
1
0
0
0
179
179
179
179
179
179
179
0
0
179
169
172
155
157
148
141
134
127
124
123
123
123
126
129
140
150
4
17
18
18
19
20
19
17
15
12
12
14
16
16
14
12
9
5
3
4
2
0
0
0
0
179
179
179
179
0
0
0
0
2
1
0
0
0
179
179
179
179
179
179
179
0
0
179
169
172
163
168
157
151
141
133
127
127
127
129
132
141
150
159
176
12
11
11
12
14
13
12
10
7
8
9
9
9
7
7
2
2
0
178
3
1
0
0
0
0
0
179
179
0
0
0
0
2
1
0
0
0
179
179
179
179
179
179
179
0
179
179
178
173
163
166
160
152
146
137
133
131
131
134
139
147
154
165
169
0
9
7
10
6
4
4
3
7
8
5
6
9
11
3
1
0
0
179
4
1
0
0
0
0
0
179
179
0
0
0
0
2
1
0
0
0
179
179
179
179
179
179
179
0
179
179
170
0
164
168
161
157
149
140
136
135
136
139
145
152
157
164
169
174
178
2
0
179
178
177
176
178
0
1
1
0
0
179
177
178
0
174
175
0
0
0
0
0
0
0
0
0
0
0
0
2
1
0
0
0
179
179
179
179
179
179
0
0
179
179
173
1
162
167
163
157
151
144
139
138
140
144
151
156
161
163
167
170
171
174
173
173
172
172
169
173
175
176
176
175
174
169
170
168
177
171
167
179
1
0
0
0
0
0
0
0
0
0
0
2
1
0
0
0
179
179
179
179
179
179
0
179
179
179
179
178
165
169
164
161
155
148
143
142
143
149
155
160
163
167
167
170
170
168
169
168
168
169
170
171
171
168
169
169
169
172
173
171
175
175
171
169
176
1
1
0
0
0
0
0
0
0
0
2
1
0
0
0
179
179
179
179
179
179
179
179
179
179
0
175
170
168
166
164
159
153
148
148
149
154
159
163
165
168
168
170
169
167
168
169
170
171
170
174
172
170
169
169
168
172
173
171
167
171
172
167
172
2
3
1
0
0
0
0
0
0
0
2
1
0
0
0
179
179
179
179
179
179
179
179
179
179
0
176
168
167
164
161
157
153
150
151
153
157
161
166
168
171
170
171
170
170
170
170
171
171
171
170
167
167
169
170
168
170
172
171
169
166
168
168
172
169
4
1
0
0
179
0
0
0
0
2
1
0
0
0
179
179
0
0
0
0
179
179
0
0
0
178
172
167
166
162
159
157
154
155
157
161
164
167
168
170
169
169
169
170
170
171
169
172
169
171
171
171
170
169
167
171
172
172
171
171
172
173
176
173
177
6
0
0
0
0
0
0
0
2
1
0
0
0
179
0
0
0
0
0
0
1
1
0
178
179
174
167
162
157
156
154
157
157
159
161
164
168
171
173
172
173
171
171
171
171
172
174
172
172
171
172
168
165
165
168
171
168
171
172
173
171
176
175
173
1
3
0
0
0
0
0
0
2
1
0
0
0
179
0
0
0
0
0
2
3
2
0
179
179
173
165
160
156
161
163
155
160
160
162
166
169
171
172
172
172
169
171
172
171
170
170
171
176
178
177
168
168
167
171
171
176
175
172
172
174
177
177
174
178
3
0
0
0
0
0
0
2
1
0
0
0
179
0
0
179
0
0
0
7
14
4
2
4
173
164
154
179
179
179
176
165
166
164
166
169
173
172
171
172
167
169
169
173
169
168
172
179
179
168
166
168
165
167
166
171
172
179
178
174
175
176
176
175
179
1
0
0
0
0
0
2
1
0
0
0
179
0
179
179
1
0
31
10
20
12
2
177
169
170
0
179
178
179
179
167
167
166
169
170
175
168
174
169
167
168
169
0
0
167
172
0
4
1
1
0
0
178
179
1
1
179
176
175
176
178
179
179
3
1
0
0
0
0
0
2
1
0
0
0
179
179
179
179
1
0
27
7
16
9
2
179
176
0
0
179
179
179
1
175
171
170
169
170
171
169
169
167
179
0
179
178
179
178
171
169
173
173
179
178
179
179
179
0
179
179
176
175
176
0
179
1
1
1
0
0
0
0
0
2
1
0
0
0
179
179
179
179
179
0
42
15
17
10
4
178
1
0
0
0
0
0
178
177
173
168
170
169
171
167
178
179
179
0
179
179
0
179
162
164
165
164
171
0
179
179
179
0
0
1
175
172
175
179
1
178
2
0
0
0
0
0
0
2
1
0
0
0
179
179
179
179
179
1
17
15
12
7
176
1
0
179
179
0
179
1
179
0
174
169
170
169
170
173
0
179
179
179
179
179
179
1
164
156
155
152
157
159
0
179
179
179
179
0
175
172
175
178
1
1
1
0
0
179
0
0
0
2
1
0
0
0
179
179
179
179
178
0
0
6
12
6
179
1
0
179
179
0
179
1
1
0
174
170
170
165
170
176
1
179
179
179
179
179
179
1
147
155
162
162
159
168
176
0
179
179
179
0
175
171
172
177
176
2
0
0
0
0
0
0
0
2
1
0
0
0
179
179
0
0
179
0
1
0
1
2
1
0
179
179
179
0
179
0
0
179
174
166
166
164
169
166
177
0
0
0
0
179
179
0
169
163
160
162
162
161
171
1
0
0
179
179
0
168
170
174
178
1
0
0
0
0
0
0
0
2
2
0
0
0
0
0
0
0
0
0
0
1
1
0
0
179
179
0
0
0
179
0
0
1
1
0
173
164
0
178
0
1
0
0
0
0
179
0
0
179
175
165
166
163
179
0
0
0
179
179
0
179
177
179
2
0
179
0
0
0
0
0
0
2
1
0
0
0
0
0
0
0
0
0
0
0
1
0
0
0
0
0
0
0
0
0
0
0
179
179
179
179
0
0
0
0
0
0
0
0
0
0
0
179
179
179
0
0
1
0
0
0
0
179
0
0
0
0
0
0
0
0
0
0
0
0
0
2
1
0
0
0
0
0
0
0
0
0
0
0
0
0
0
0
0
0
0
0
0
1
1
0
0
0
0
0
0
0
1
0
0
0
0
0
0
0
0
0
0
0
0
0
0
0
0
0
0
0
0
0
0
0
0
0
0
0
0
0
0
1
1
2
1
0
0
0
0
0
0
0
0
0
0
0
0
0
0
0
0
0
0
0
0
0
0
0
0
0
0
0
0
0
0
0
0
0
0
0
0
0
0
0
0
0
0
0
0
0
0
0
0
0
0
0
0
0
0
0
0
0
0
0
0
0
0
2
