1
0
0
0
0
0
0
0
0
0
0
0
0
0
0
0
0
0
0
0
0
0
0
0
0
0
0
0
0
0
0
0
0
0
0
0
0
0
0
0
0
0
0
0
0
0
0
0
0
0
0
0
0
0
0
0
0
0
0
0
0
0
0
1
2
0
0
179
179
179
179
179
179
179
179
179
179
179
179
179
179
179
179
179
179
179
179
179
179
179
179
179
179
179
179
179
179
179
179
179
179
179
179
179
179
179
179
179
179
179
179
179
179
179
179
179
179
179
179
179
179
179
179
179
179
0
0
2
2
0
0
0
0
0
0
0
0
0
0
0
0
0
0
0
0
0
0
0
0
0
0
0
0
0
0
0
0
0
0
0
0
0
0
0
0
0
0
0
0
0
0
0
0
0
0
0
0
0
0
0
0
0
0
0
0
0
0
0
0
0
0
2
2
0
0
0
0
0
0
0
0
0
0
0
0
0
179
179
179
179
179
179
179
179
179
0
0
0
0
0
0
0
0
0
0
0
0
0
0
0
0
0
0
0
0
0
0
0
0
0
0
0
0
0
0
0
0
0
0
0
0
0
0
0
0
3
2
0
0
0
0
0
0
0
0
0
0
179
179
179
179
179
168
170
171
171
166
179
179
179
0
0
0
0
0
0
0
0
0
0
0
0
0
0
0
0
0
0
0
0
0
0
0
0
0
0
0
0
0
0
0
0
0
0
0
0
0
0
0
2
2
0
0
0
0
0
0
0
0
0
179
179
179
179
167
173
173
168
164
173
173
176
0
0
179
0
0
0
0
0
0
0
0
0
0
0
0
0
0
0
0
0
0
0
0
0
0
0
0
0
0
0
0
0
0
0
0
0
0
0
0
0
0
2
2
0
0
0
0
0
0
0
0
179
179
179
179
174
173
174
173
171
154
151
150
149
0
0
179
0
0
0
0
0
0
0
0
0
0
0
0
0
0
0
0
0
0
0
0
0
0
0
0
0
0
0
0
0
0
0
0
0
0
0
0
0
0
2
2
0
0
0
0
0
0
0
0
179
179
179
0
0
175
161
153
151
147
144
148
144
174
0
179
0
0
0
0
0
0
0
0
0
0
0
0
0
0
0
0
0
0
0
0
0
0
0
0
0
0
0
0
0
0
0
0
0
0
0
0
0
0
2
2
0
0
0
0
0
0
0
179
179
0
0
179
170
162
156
153
148
146
143
147
144
166
0
179
0
0
0
0
0
0
0
0
0
0
0
0
0
0
0
0
0
0
0
0
0
0
0
0
0
0
0
0
0
0
0
0
0
0
0
0
0
0
2
2
0
0
0
0
0
0
0
179
0
0
1
172
167
161
155
148
143
141
139
144
140
167
0
0
0
0
0
0
0
0
0
0
0
0
0
0
0
0
0
1
2
1
1
0
0
0
0
0
0
0
0
0
0
0
0
0
0
0
0
0
0
0
2
2
0
0
0
0
0
0
0
0
0
0
178
176
173
161
152
145
141
142
141
146
141
172
0
0
0
0
0
0
0
0
179
179
179
179
179
179
0
1
2
3
3
2
3
1
0
0
0
0
0
0
0
0
0
0
0
0
0
0
0
0
0
0
2
2
0
0
0
0
0
0
0
0
0
1
179
177
173
164
156
148
144
143
142
145
141
177
0
0
0
0
0
0
0
0
179
179
179
179
179
0
1
3
3
10
37
4
1
1
0
0
0
0
0
0
0
0
0
0
0
0
0
0
0
0
0
0
2
2
0
0
0
0
0
0
0
0
179
0
2
178
173
164
154
146
141
141
142
145
176
0
179
0
0
0
0
0
0
0
179
0
0
0
179
0
2
2
10
41
34
42
2
0
0
0
0
0
0
0
0
0
0
0
0
0
0
0
0
0
0
0
2
2
0
0
0
0
0
0
0
0
0
0
1
177
173
170
157
149
142
144
143
172
1
0
0
0
0
0
0
0
0
179
179
0
1
1
179
1
4
8
30
42
40
47
1
179
0
0
0
0
0
0
0
0
0
0
0
0
0
0
0
0
0
0
2
2
0
0
0
0
0
0
0
0
0
0
0
168
170
162
154
149
168
172
176
0
0
0
0
0
0
0
0
0
179
179
0
1
176
179
179
1
3
19
32
40
47
50
2
0
0
0
0
0
0
0
0
0
0
0
0
0
0
0
0
0
0
0
2
2
0
0
0
0
0
0
0
0
0
1
0
0
166
166
157
154
165
170
175
179
0
0
0
0
0
0
0
0
0
0
0
1
177
179
179
2
9
17
30
35
38
46
2
1
1
1
1
0
0
0
0
0
0
0
0
0
0
0
0
0
0
0
2
2
0
0
0
0
0
0
179
0
0
0
0
1
166
158
154
152
149
148
171
178
0
0
0
0
0
0
0
0
0
0
0
1
1
3
4
6
8
16
26
32
36
5
5
2
2
2
2
4
0
0
0
0
0
0
0
0
0
0
0
0
0
0
2
2
0
0
0
0
0
0
0
0
2
1
0
178
160
157
151
148
147
147
147
168
177
179
0
0
0
0
0
0
0
0
1
0
2
4
6
7
9
17
25
32
38
3
3
177
9
30
3
2
1
0
0
0
0
0
0
0
0
0
0
0
0
0
2
2
0
0
0
0
0
0
0
1
1
1
179
160
157
153
147
144
143
144
144
143
147
173
178
0
0
0
0
0
0
0
1
1
4
11
6
7
13
19
25
31
37
1
179
38
53
51
43
1
1
0
0
0
0
0
0
0
0
0
0
0
0
0
2
2
0
0
0
0
0
0
179
1
1
179
179
168
157
151
144
141
140
141
142
143
143
143
163
175
0
0
0
0
0
0
1
3
3
8
6
7
14
21
27
32
42
2
29
63
61
59
57
2
1
0
0
0
0
0
0
0
0
0
0
0
0
0
2
2
0
0
0
0
0
0
0
1
4
2
5
164
157
146
142
139
138
139
139
141
140
138
138
140
164
174
177
179
0
179
0
1
1
13
5
7
15
23
29
35
41
12
60
60
61
61
56
15
1
0
0
0
0
0
0
0
0
0
0
0
0
0
2
2
0
0
0
0
0
0
0
2
6
8
7
178
152
144
141
139
138
139
139
140
139
138
136
137
139
142
166
173
177
179
179
0
0
3
7
11
17
24
28
34
40
16
58
61
62
63
62
43
1
0
0
0
0
0
0
0
0
0
0
0
0
0
2
2
0
0
0
0
179
0
0
2
5
5
9
175
156
144
140
137
136
137
137
137
137
136
136
137
138
142
146
151
159
165
169
174
175
1
8
12
17
23
29
34
43
13
61
55
60
61
58
41
2
0
0
0
0
0
0
0
0
0
0
0
0
0
2
2
0
0
0
0
0
0
0
1
0
4
1
169
152
140
138
136
135
136
136
136
137
136
136
137
138
141
145
149
155
161
166
172
176
2
6
11
18
23
28
35
44
9
47
55
58
59
59
57
3
0
0
0
0
0
0
0
0
0
0
0
0
0
2
2
0
0
0
0
0
0
0
0
0
0
4
172
149
140
138
134
133
134
135
135
136
135
137
138
139
141
144
148
153
158
164
170
174
0
8
15
20
25
29
36
39
9
42
53
58
57
57
58
4
1
0
0
0
0
0
0
0
0
0
0
0
0
2
2
0
0
0
0
0
0
0
0
1
1
0
2
138
137
134
132
132
132
133
133
135
135
136
138
139
141
142
146
150
154
162
165
174
10
11
17
22
27
30
38
41
10
23
49
53
53
56
54
3
0
0
0
0
0
0
0
0
0
0
0
0
0
2
2
0
0
0
0
0
0
0
0
0
0
0
0
168
135
133
132
131
131
132
132
134
133
135
136
137
139
140
144
148
153
161
167
175
10
15
21
27
31
32
37
43
26
9
53
55
51
50
50
4
1
0
0
0
0
0
0
0
0
0
0
0
0
2
2
0
0
0
0
0
0
0
0
0
179
179
0
179
132
130
131
130
130
131
131
132
131
132
133
134
136
138
141
145
151
160
166
177
12
19
24
29
32
35
38
41
44
2
18
55
40
44
40
3
1
0
0
0
0
0
0
0
0
0
0
0
0
2
2
0
0
0
0
0
0
0
0
0
0
179
179
179
163
130
131
129
129
130
129
129
128
129
130
130
132
134
138
142
148
159
167
0
14
21
28
33
35
37
38
39
48
2
2
4
6
5
2
1
0
0
0
0
0
0
0
0
0
0
0
0
0
2
2
0
0
0
0
0
0
0
0
0
0
179
179
178
179
129
131
128
129
129
128
127
126
125
124
125
126
128
132
137
147
159
170
11
17
25
32
36
38
38
42
40
40
1
1
3
2
3
2
1
0
0
0
0
0
0
0
0
0
0
0
0
0
2
2
0
0
0
0
0
0
0
0
0
0
0
179
178
179
130
130
128
128
128
126
124
122
120
119
119
120
120
124
131
140
157
171
12
22
27
34
38
39
37
38
43
179
1
1
0
0
0
0
0
0
0
0
0
0
0
0
0
0
0
0
0
0
2
2
0
0
0
0
0
0
0
0
0
0
0
179
178
0
128
129
127
127
126
124
122
118
115
113
111
111
111
114
117
124
1
7
16
25
30
36
40
39
38
39
2
1
1
0
0
0
179
179
0
0
0
0
0
0
0
0
0
0
0
0
0
0
2
2
0
0
0
0
0
0
0
0
0
0
179
179
178
179
127
129
127
126
125
122
119
115
111
109
106
104
103
104
104
107
31
25
23
29
34
39
40
39
38
37
1
1
0
0
0
0
0
0
0
0
0
0
0
0
0
0
0
0
0
0
0
0
2
2
0
0
0
0
0
0
0
0
0
0
179
179
178
173
125
127
126
125
123
119
114
111
107
102
99
95
92
90
89
80
54
41
30
34
37
40
41
39
39
37
1
1
0
0
0
0
0
0
0
0
0
0
0
0
0
0
0
0
0
0
0
0
2
2
0
0
0
0
0
0
0
0
0
179
179
178
178
124
125
126
125
124
122
118
114
109
102
96
92
86
81
78
78
73
51
46
35
36
38
39
41
39
41
40
1
0
0
0
0
0
0
0
0
0
0
0
0
0
0
0
0
0
0
0
0
0
2
2
0
0
0
0
0
0
0
0
0
179
179
178
0
124
125
125
125
124
122
119
114
107
98
88
84
78
76
77
67
58
47
39
39
38
38
39
41
39
39
39
0
0
0
0
0
0
0
0
0
0
0
0
0
0
0
0
0
0
0
0
0
0
2
2
0
0
0
0
0
0
0
0
0
179
179
178
0
127
126
128
126
126
125
123
118
110
95
72
70
72
66
59
52
50
42
40
38
38
38
39
39
38
38
40
2
0
0
0
0
0
0
0
0
0
0
0
0
0
0
0
0
0
0
0
0
0
2
2
0
0
0
0
0
0
0
0
0
179
179
179
1
130
129
128
129
128
131
132
133
42
49
50
48
39
49
41
45
45
44
41
38
37
37
38
40
38
38
39
3
1
0
0
0
0
0
0
0
0
0
0
0
0
0
0
0
0
0
0
0
0
2
2
0
0
0
0
0
0
0
0
0
0
179
178
1
173
132
135
133
134
141
150
160
13
30
32
35
38
41
41
41
41
39
38
37
36
35
37
37
36
36
38
2
1
0
0
0
0
0
0
0
0
0
0
0
0
0
0
0
0
0
0
0
0
2
2
0
0
0
0
0
0
0
0
0
0
0
179
179
0
169
134
139
138
142
159
177
6
18
22
26
32
34
37
38
38
37
36
34
33
34
35
35
33
32
15
1
1
0
0
0
0
0
0
0
0
0
0
0
0
0
0
0
0
0
0
0
0
2
2
0
0
0
0
0
0
0
0
0
0
0
179
179
179
179
163
156
153
164
175
1
9
15
19
25
29
32
34
36
35
35
33
32
32
34
36
35
36
34
3
1
0
0
0
0
0
0
0
0
0
0
0
0
0
0
0
0
0
0
0
0
0
2
2
0
0
0
0
0
0
0
0
0
0
0
0
179
179
179
0
166
172
175
177
6
7
12
18
22
27
30
31
33
34
33
31
31
33
34
36
37
35
29
1
1
0
0
0
0
0
0
0
0
0
0
0
0
0
0
0
0
0
0
0
0
0
2
2
0
0
0
0
0
0
0
0
0
0
0
0
0
179
179
1
0
0
1
3
4
5
11
17
20
24
27
28
30
31
31
31
31
32
31
34
34
32
1
2
1
0
0
0
0
0
0
0
0
0
0
0
0
0
0
0
0
0
0
0
0
0
2
2
0
0
0
0
0
0
0
0
0
0
0
0
0
0
179
1
3
2
2
2
7
6
9
14
17
21
24
26
28
29
28
27
25
22
26
29
33
5
2
1
0
0
0
0
0
0
0
0
0
0
0
0
0
0
0
0
0
0
0
0
0
0
2
2
0
0
0
0
0
0
0
0
0
0
0
0
0
0
179
1
3
3
3
3
1
8
7
10
12
18
20
22
23
24
24
23
21
21
21
10
3
3
1
1
0
0
0
0
0
0
0
0
0
0
0
0
0
0
0
0
0
0
0
0
0
0
2
2
0
0
0
0
0
0
0
0
0
0
0
0
0
0
179
0
1
2
1
179
178
179
0
8
8
12
15
15
19
20
20
15
12
4
3
2
1
1
0
0
0
0
0
0
0
0
0
0
0
0
0
0
0
0
0
0
0
0
0
0
0
0
2
2
0
0
0
0
0
0
0
0
0
0
0
0
0
0
179
0
1
1
3
178
178
177
1
2
6
8
11
13
16
14
13
3
2
1
1
0
0
0
0
0
0
0
0
0
0
0
0
0
0
0
0
0
0
0
0
0
0
0
0
0
0
0
2
2
0
0
0
0
0
0
0
0
0
0
0
0
0
0
0
0
0
0
0
1
176
178
178
0
0
1
14
12
16
3
2
1
0
0
179
179
0
0
0
0
0
0
0
0
0
0
0
0
0
0
0
0
0
0
0
0
0
0
0
0
0
0
2
2
0
0
0
0
0
0
0
0
0
0
0
0
0
0
0
0
0
0
0
0
0
175
173
178
1
1
3
4
5
1
179
179
179
179
179
179
0
0
0
0
0
0
0
0
0
0
0
0
0
0
0
0
0
0
0
0
0
0
0
0
0
0
2
2
0
0
0
0
0
0
0
0
0
0
0
0
0
0
0
0
0
0
179
0
0
0
0
179
177
175
175
177
179
1
0
0
0
0
0
0
0
0
0
0
0
0
0
0
0
0
0
0
0
0
0
0
0
0
0
0
0
0
0
0
0
0
2
2
0
0
0
0
0
0
0
0
0
0
0
0
0
0
0
0
0
0
0
0
0
0
1
178
178
177
175
168
172
0
0
0
0
0
0
0
0
0
0
0
0
0
0
0
0
0
0
0
0
0
0
0
0
0
0
0
0
0
0
0
0
0
2
2
0
0
0
0
0
0
0
0
0
0
0
0
0
0
0
0
0
0
0
0
179
0
179
174
171
172
170
171
175
176
0
0
0
0
0
0
0
0
0
0
0
0
0
0
0
0
0
0
0
0
0
0
0
0
0
0
0
0
0
0
0
0
2
2
0
0
0
0
0
0
0
0
0
0
0
0
0
0
0
0
0
0
0
0
0
179
0
0
174
172
176
176
176
171
1
0
0
0
0
0
0
0
0
0
0
0
0
0
0
0
0
0
0
0
0
0
0
0
0
0
0
0
0
0
0
0
2
2
0
0
0
0
0
0
0
0
0
0
0
0
0
0
0
0
0
0
0
0
0
179
179
1
176
172
173
175
177
176
1
0
0
0
0
0
0
0
0
0
0
0
0
0
0
0
0
0
0
0
0
0
0
0
0
0
0
0
0
0
0
0
2
2
0
0
0
0
0
0
0
0
0
0
0
0
0
0
0
0
0
0
0
0
0
179
0
1
179
178
177
176
0
2
1
1
0
0
0
0
0
0
0
0
0
0
0
0
0
0
0
0
0
0
0
0
0
0
0
0
0
0
0
0
0
0
2
2
0
0
0
0
0
0
0
0
0
0
0
0
0
0
0
0
0
0
0
0
0
0
179
1
177
177
178
178
1
3
1
1
0
0
0
0
0
0
0
0
0
0
0
0
0
0
0
0
0
0
0
0
0
0
0
0
0
0
0
0
0
0
2
2
0
0
0
0
0
0
0
0
0
0
0
0
0
0
0
0
0
0
0
0
0
0
1
2
0
177
0
2
3
5
2
1
0
0
0
0
0
0
0
0
0
0
0
0
0
0
0
0
0
0
0
0
0
0
0
0
0
0
0
0
0
0
2
2
0
0
0
0
0
0
0
0
0
0
0
0
0
0
0
0
0
0
0
0
0
0
0
177
179
174
174
176
0
2
4
1
0
0
0
0
0
0
0
0
0
0
0
0
0
0
0
0
0
0
0
0
0
0
0
0
0
0
0
0
0
0
2
2
0
0
0
0
0
0
0
0
0
0
0
0
0
0
0
0
0
0
0
0
0
0
1
174
177
175
177
177
179
0
2
4
1
0
0
0
0
0
0
0
0
0
0
0
0
0
0
0
0
0
0
0
0
0
0
0
0
0
0
0
0
0
2
2
0
0
0
0
0
0
0
0
0
0
0
0
0
0
0
0
0
0
0
0
0
179
0
167
166
165
165
170
176
177
172
172
2
0
0
0
0
0
0
0
0
0
0
0
0
0
0
0
0
0
0
0
0
0
0
0
0
0
0
0
0
0
2
2
0
0
0
0
0
0
0
0
0
0
0
0
0
0
0
0
0
0
0
0
0
179
0
179
1
1
2
0
1
1
1
1
1
0
0
0
0
0
0
0
0
0
0
0
0
0
0
0
0
0
0
0
0
0
0
0
0
0
0
0
0
0
3
2
0
0
0
0
0
0
0
0
0
0
0
0
0
0
0
0
0
0
0
0
0
0
0
0
179
179
0
0
0
0
0
1
1
1
0
0
0
0
0
0
0
0
0
0
0
0
0
0
0
0
0
0
0
0
0
0
0
0
0
0
1
1
3
1
1
0
0
0
0
0
0
0
0
0
0
0
0
0
0
0
0
0
0
0
1
0
1
1
1
0
1
0
1
0
0
1
1
0
0
0
0
0
0
0
0
0
0
0
0
0
0
0
0
0
0
0
0
0
0
0
0
0
0
0
1
1
2
2
1
0
0
0
0
0
0
0
0
0
0
0
0
0
0
0
0
0
0
0
0
0
0
0
0
0
0
0
0
0
0
0
0
0
0
0
0
0
0
0
0
0
0
0
0
0
0
0
0
0
0
0
0
0
0
0
0
0
0
0
1
0
2
